,time,S,I,R,N
0,0.0,300.0,100.0,0.0,400.0
1,0.5,224.32391146467626,95.69321533605242,41.18840623217412,361.2055330329028
2,1.0,188.62838936450197,77.00692217491773,63.16191024983847,328.7972217892582
3,1.5,178.09023314147578,59.719750587046605,70.13704723816537,307.94703096668775
4,2.0,179.62778900612477,48.018081745043865,68.87348705878836,296.519357809957
5,2.5,185.85186620471464,41.07989537684745,64.2960602161626,291.2278217977247
6,3.0,193.01411269066975,37.385602541718974,59.12691236530973,289.52662759769845
7,3.5,199.29793633838773,35.77042151079641,54.628821142809244,289.6971789919934
8,4.0,203.91918375445186,35.44287063058001,51.25333372923749,290.61538811426936
9,4.5,206.68119485084097,35.852509214640286,49.033744222445456,291.5674482879267
10,5.0,207.7386771306426,36.599904865453894,47.80073775665146,292.13931975274795
11,5.5,207.44520807944784,37.39826009889286,47.301649217658664,292.14511739599936
12,6.0,206.2333577179516,38.06183436667834,47.27135130940559,291.56654339403553
13,6.5,204.51876927179518,38.49777751452355,47.476372731355,290.4929195176737
14,7.0,202.6358319048513,38.68940013630716,47.73941461970868,289.06464666086714
15,7.5,200.80983816685588,38.6710267422471,47.946887652951496,287.4277525620545
16,8.0,199.16051104162324,38.50129058199804,48.04299487140923,285.7047964950305
17,8.5,197.72474398520552,38.24170044885311,48.015736206284956,283.9821806403436
18,9.0,196.48579714117324,37.943591800450044,47.88049541949143,282.3098843611147
19,9.5,195.3999560752636,37.642902256973656,47.66543795062273,280.70829628286
20,10.0,194.4163601670145,37.36035986115315,47.4008503107218,279.17757033888944
21,10.5,193.48925565552088,37.10449544100303,47.112772318760015,277.7065234152839
22,11.0,192.5838516012565,36.875538945665184,46.820217830817384,276.27960837773907
23,11.5,191.6776308825137,36.66904894243838,46.53488739259366,274.88156721754575
24,12.0,190.75892877807703,36.47874495986785,46.2623072078561,273.499980945801
25,12.5,189.82423913737213,36.29840965651563,46.00355593620942,272.1262047300972
26,13.0,188.87527203791285,36.122947683815816,45.757015843311144,270.7552355650398
27,13.5,187.91637951409564,35.94878928535539,45.5198319106581,269.3850007101091
28,14.0,186.95263628994456,35.77385327149674,45.2889521990684,268.0154417605097
29,14.5,185.98862672762607,35.59726571073546,45.06175015249456,266.6476425908561
30,15.0,185.0278449527126,35.41898851947545,44.836301506374326,265.2831349785624
31,15.5,184.07254803604727,35.23946191751011,44.61141709475157,263.92342704830895
32,16.0,183.12389152375607,35.059317747317245,44.386531744682735,262.56974101575605
33,16.5,182.18220063576396,34.879183601833404,44.161531368864274,261.22291560646164
34,17.0,181.24727012091319,34.69957297104628,43.93657566019027,259.88341875214974
35,17.5,180.3186272469331,34.520843416310505,43.71194963259662,258.5514202958402
36,18.0,179.3957274873133,34.343200532635244,43.48795768672466,257.2268857066732
37,18.5,178.47807765438128,34.166727035647064,43.264860397970544,255.9096650879989
38,19.0,177.56529634899343,33.99142087737579,43.042846581879644,254.59956380824886
39,19.5,176.65712836841357,33.817231722614586,42.82203020064765,253.2963902916758
40,20.0,175.75343058852695,33.64409006125516,42.60246183452238,251.9999824843045
41,20.5,174.8541442374626,33.47192702778953,42.38414634837726,250.7102176136294
42,21.0,173.95926438010991,33.300685479078375,42.167060936993856,249.42701079618215
43,21.5,173.06881321266292,33.13032418320638,41.951170199578215,248.15030759544752
44,22.0,172.18282022032835,32.96081738034745,41.736436877134096,246.8800744778099
45,22.5,171.3013097109065,32.79215180842412,41.52282824667559,245.61628976600622
46,23.0,170.4242947121692,32.624322822394774,41.31031893525319,244.35893646981717
47,23.5,169.5517755386216,32.4573306867165,41.09889121629,243.1079974416281
48,24.0,168.68374124700605,32.2911776198984,40.888533832346845,241.8634526992513
49,24.5,167.82017246549395,32.12586578522643,40.679240193804795,240.62527844452518
50,25.0,166.96104449885604,31.961396170219345,40.47100654315561,239.393447212231
51,25.5,166.10633004125367,31.797768165522005,40.263830423850635,238.1679286306263
52,26.0,165.25600118862945,31.634979612926426,40.05770959128881,236.9486903928447
53,26.5,164.41003070044667,31.47302710971162,39.85264136556954,235.73569917572783
54,27.0,163.56839261490202,31.311906403935655,39.6486223478273,234.52892136666497
55,27.5,162.73106239049832,31.151612771281453,39.445648391844244,233.32832355362402
56,28.0,161.89801675516472,30.99214131495879,39.24371472474931,232.13387279487281
57,28.5,161.06923341681937,30.833487169222057,39.042816130546726,230.94553671658815
58,29.0,160.24469074670085,30.67564561254126,38.84294713669475,229.76328349593686
59,29.5,159.4243675031172,30.518612109780126,38.6441021694518,228.58708178234912
60,30.0,158.60824262666708,30.362382306836096,38.446275664149724,227.4169005976529
61,30.5,157.79629511184874,30.206951999372624,38.24946213053744,226.2527092417588
62,31.0,156.98850394434996,30.052317092426414,38.05365618120545,225.09447721798182
63,31.5,156.18484808638368,29.898473561973912,37.858852534129156,223.94217418248675
64,32.0,155.3853064916348,29.7454174243683,37.66504600012985,222.79576991613294
65,32.5,154.58985813418616,29.593144715594818,37.472231464011415,221.6552343137924
66,33.0,153.7984820401335,29.44165147971115,37.28040386543283,220.5205373852775
67,33.5,153.0111573150415,29.290933764494334,37.08955818298377,219.3916492625196
68,34.0,152.22786316411006,29.140987621905587,36.899689422855694,218.26854020887134
69,34.5,151.44857890457106,28.991809111174433,36.71079261208345,217.15118062782895
70,35.0,150.67328397141563,28.843394302798817,36.522862795536426,216.03954106975087
71,35.5,149.9019579182512,28.695739282338153,36.335895035534534,214.9335922361239
72,36.0,149.1345804151643,28.548840153401972,36.14988441299063,213.8333049815569
73,36.5,148.3711312451757,28.402693039639136,35.96482602919045,212.73865031400527
74,37.0,147.61159030043427,28.25729408579384,35.780715007595475,211.6495993938236
75,37.5,146.85593757884175,28.112639458030802,35.597546495318085,210.56612353219063
76,38.0,146.10415318142412,27.968725343772732,35.41531566412918,209.48819418932604
77,38.5,145.35621731049707,27.825547951273684,35.234017711001364,208.41578297277212
78,39.0,144.61211026851132,27.683103509101088,35.0536478582725,207.3488616358849
79,39.5,143.87181245739532,27.541388265640244,34.87420135354353,206.2874020765791
80,40.0,143.13530437820398,27.40039848868163,34.69567346942274,205.23137633630836
81,40.5,142.40256663091208,27.260130465110635,34.518059503206516,204.18075659922923
82,41.0,141.6735799142363,27.120580500692643,34.34135477655907,203.13551519148803
83,41.5,140.94832502541618,26.98174491993286,34.16555463522623,202.09562458057528
84,42.0,140.22678285992117,26.843620065986155,33.99065444879781,201.06105737470514
85,42.5,139.50893441108042,26.70620230059408,33.81664961051768,200.03178632219218
86,43.0,138.7947607696457,26.569488004031676,33.643535537133324,199.0077843108107
87,43.5,138.08424312330717,26.433473575052364,33.47130766877295,197.9890243671325
88,44.0,137.37736275618087,26.298155430824938,33.29996146883862,196.97547965584442
89,44.5,136.67410104828434,26.163530006860704,33.12949242390663,195.96712347905168
90,45.0,135.97443947501222,26.0295937569314,32.95989604362879,194.9639292755724
91,45.5,135.27835960661898,25.896343152980112,32.791167860630395,193.96587062022948
92,46.0,134.58584310771178,25.763774685027606,32.62330343040444,192.97292122314383
93,46.5,133.89687173675406,25.631884861076465,32.45629833120142,191.98505492903195
94,47.0,133.21142734557867,25.50067020701476,32.2901481639156,191.00224571650904
95,47.5,132.52949187890843,25.370127266520466,32.12484855196952,190.02446769739842
96,48.0,131.85104737388224,25.240252600967153,31.960395141197324,189.05169511604672
97,48.5,131.17607595958518,25.111042789331265,31.796783599727917,188.08390234864436
98,49.0,130.50455985658124,24.982494428100782,31.634009617868966,187.121063902551
99,49.5,129.8364813764479,24.854604131185155,31.472068907991613,186.16315441562466
100,50.0,129.17182292131238,24.727368529826183,31.310957204416464,185.21014865555503
101,50.5,128.51056698338965,24.600784272509618,31.15067026330031,184.26202151919958
102,51.0,127.85269614452162,24.474848024877335,30.991203862524284,183.31874803192323
103,51.5,127.19819307571865,24.349556469639925,30.83255380158253,182.3803033469411
104,52.0,126.5470405367029,24.224906306489615,30.674715901471657,181.44666274466417
105,52.5,125.89922137545378,24.100894252013582,30.517686004580916,180.51780163204828
106,53.0,125.25471852775591,23.97751703960757,30.361459974582864,179.59369554194635
107,53.5,124.61351501674923,23.854771419389905,30.20603369632461,178.67432013246375
108,54.0,123.97559395248165,23.73265415811586,30.051403075719552,177.75965118631706
109,54.5,123.34093853146398,23.611162039092463,29.897564039639548,176.849664610196
110,55.0,122.70953203622727,23.490291862093724,29.744512535807704,175.9443364341287
111,55.5,122.0813578348825,23.37004044327628,29.592244532691538,175.04364281085032
112,56.0,121.45639938068233,23.250404615095537,29.44075601939694,174.1475600151748
113,56.5,120.83464021158542,23.13138122622215,29.29004300556235,173.25606444336992
114,57.0,120.2160639498228,23.012967141459058,29.140101521253712,172.36913261253557
115,57.5,119.60065430146645,22.895159241658856,28.99092761685984,171.48674115998514
116,58.0,118.9883950560002,22.777954423641656,28.842517362988392,170.60886684263025
117,58.5,118.37927008589267,22.661349600113343,28.694866850362384,169.7354865363684
118,59.0,117.77326334617253,22.545341699584256,28.547972189717115,168.8665772354739
119,59.5,117.17035887400581,22.429927666288286,28.40182951169782,168.00211605199192
120,60.0,116.57054078827544,22.31510446010239,28.256434966757737,167.14208021513556
121,60.5,115.97379328916293,22.20086905646651,28.111784725056644,166.28644707068608
122,61.0,115.38010065773213,22.08721844630392,27.96787497636001,165.43519408039606
123,61.5,114.78944725551524,21.974149635941938,27.8247019299387,164.58829882139588
124,62.0,114.20181752410086,21.861659647033086,27.68226181446905,163.745738985603
125,62.5,113.61719598472415,21.749745516476622,27.540550877933484,162.90749237913425
126,63.0,113.03556723785908,21.63840429634052,27.39956538752182,162.07353692172143
127,63.5,112.45691596281286,21.52763305378379,27.25930162953281,161.24385064612946
128,64.0,111.88122691732228,21.417428870979222,27.119755909276407,160.4184116975779
129,64.5,111.30848493715233,21.307788845036548,26.98092455097639,159.59719833316527
130,65.0,110.73867493569666,21.198710087925956,26.84280389767358,158.7801889212962
131,65.5,110.17178190358024,21.090189726402038,26.705390311129456,157.96736194111173
132,66.0,109.60779090826398,20.982224901928078,26.568680171730364,157.15869598192242
133,66.5,109.04668709365134,20.87481277060079,26.432669878392197,156.35416974264433
134,67.0,108.48845567969713,20.767950503075376,26.297355848465465,155.55376203123797
135,67.5,107.93308196201806,20.66163528449101,26.16273451764099,154.75745176415006
136,68.0,107.3805513115055,20.555864314396686,26.028802339855986,153.96521796575817
137,68.5,106.83084917394008,20.45063480667747,25.895555787200678,153.17703976781823
138,69.0,106.28396106960837,20.345943989481086,25.762991349825313,152.39289640891477
139,69.5,105.73987259292143,20.241789105144914,25.631105535847727,151.61276723391407
140,70.0,105.19856941203531,20.13816741012337,25.499894871261493,150.83663169342017
141,70.5,104.66003726847366,20.03507617491559,25.36935589984419,150.06446934323344
142,71.0,104.124261976752,19.932512683993593,25.239485183066563,149.29625984381215
143,71.5,103.59122942400417,19.83047423573069,25.110279300001835,148.5319829597367
144,72.0,103.06092556961056,19.728958142330367,24.98173484723559,147.77161855917652
145,72.5,102.53333644482821,19.627961729755466,24.853848438776215,147.0151466133599
146,73.0,102.00844815242293,19.52748233765774,24.726616705965586,146.26254719604626
147,73.5,101.48624686630318,19.427517319307807,24.600036297390478,145.51380048300146
148,74.0,100.9667188311559,19.328064041525394,24.474103878794196,144.7688867514755
149,74.5,100.44985036208422,19.229119884609993,24.348816132988695,144.0277863796829
150,75.0,99.9356278442469,19.130682242271877,24.22416975976733,143.2904798462861
151,75.5,99.42403773249977,19.032748521563416,24.10016147581783,142.55694772988102
152,76.0,98.9150665510389,18.935316142810795,23.97678801463584,141.82717070848554
153,76.5,98.40870089304565,18.838382539546046,23.85404612643893,141.10112955903062
154,77.0,97.90492742033351,18.74194515843946,23.731932578080933,140.3788051568539
155,77.5,97.40373286299678,18.646001459232327,23.610444152966732,139.66017847519583
156,78.0,96.90510401906101,18.550548914670014,23.489577650967664,138.9452305846987
157,78.5,96.4090277541353,18.4555850104354,23.36932988833712,138.2339426529078
158,79.0,95.9154910010662,18.361107245082657,23.249697697626694,137.52629594377555
159,79.5,95.42448075959365,18.267113129971342,23.130677927602783,136.82227181716777
160,80.0,94.9359840960084,18.17360018920086,23.0122674431636,136.12185172837286
161,80.5,94.44998814281143,18.080565959545236,22.894463125256568,135.42501722761324
162,81.0,93.96648009837503,17.988007990388216,22.777261870796078,134.73174995955932
163,81.5,93.48544722660546,17.89592384365875,22.660660592581905,134.0420316628461
164,82.0,93.00687685660758,17.804311093766746,22.54465621921778,133.3558441695921
165,82.5,92.53075638235106,17.713167327539182,22.429245695030502,132.67316940492074
166,83.0,92.05707326233832,17.622490144156544,22.31442597998945,131.99398938648432
167,83.5,91.58581501927415,17.53227715508959,22.200194049626557,131.3182862239903
168,84.0,91.11696923973707,17.44252598403643,22.086546894956562,130.64604211873007
169,84.5,90.65052357385234,17.353234266859918,21.973481522397844,129.9772393631101
170,85.0,90.18646573496666,17.264399651525398,21.86099495369346,129.31186034018552
171,85.5,89.72478349932453,17.176019798038745,21.749084225832796,128.64988752319607
172,86.0,89.26546470574625,17.088092378384715,21.637746390973405,127.99130347510437
173,86.5,88.80849725530759,17.000615076465643,21.526978516363492,127.33609084813672
174,87.0,88.35386911102107,16.91358558804041,21.41677768426457,126.68423238332605
175,87.5,87.90156829751895,16.82700162066377,21.3071409918746,126.03571091005732
176,88.0,87.4515829007377,16.740860893625946,21.19806555125162,125.39050934561527
177,88.5,87.00390106760426,16.655161137892573,21.089548489237576,124.74861069473441
178,89.0,86.55851100572379,16.569900096044908,20.98158694738265,124.10999804915134
179,89.5,86.11540098306901,16.485075522220384,20.87417808187,123.47465458715939
180,90.0,85.67455932767119,16.400685182053444,20.767319063440887,122.84256357316552
181,90.5,85.23597442731271,16.31672685261669,20.661007077320058,122.21370835724946
182,91.0,84.79963472922118,16.233198322362316,20.55523932314166,121.58807237472516
183,91.5,84.36552873976514,16.150097391063877,20.45001301487544,120.96563914570446
184,92.0,83.93364502415122,16.067421869758316,20.345325380753454,120.34639227466299
185,92.5,83.50397220612307,15.985169580688305,20.24117366319689,119.73031545000826
186,93.0,83.07649896766159,15.903338357244882,20.137555118743585,119.11739244365006
187,93.5,82.65121404868688,15.821926043910384,20.034467017975683,118.50760711057295
188,94.0,82.22810624676158,15.740930496201669,19.931906645447725,117.90094338841098
189,94.5,81.8071644167958,15.660349580613623,19.82987129961521,117.29738529702463
190,95.0,81.38837747075357,15.58018117456296,19.72835829276331,116.69691693807984
191,95.5,80.97173437736075,15.500423166332324,19.627364950936183,116.09952249462926
192,96.0,80.55722416181445,15.421073455014646,19.52688861386648,115.50518623069557
193,96.5,80.14483590549396,15.342129950457817,19.42692663490527,114.91389249085705
194,97.0,79.73455874567316,15.26359057320963,19.327476380952344,114.32562569983513
195,97.5,79.32638187523429,15.185453254462995,19.228535232386864,113.74037036208415
196,98.0,78.92029454238342,15.107715936001464,19.130100582998345,113.15811106138322
197,98.5,78.51628605036713,15.030376570144986,19.032169839917977,112.57883246043009
198,99.0,78.11434575719079,14.953433119696001,18.93474042355038,112.00251930043717
199,99.5,77.71446307533824,14.876883557885757,18.837809767505625,111.42915640072962
200,100.0,77.31662747149288,14.800725868320933,18.741375318531645,110.85872865834546
201,100.5,76.92082846626023,14.724958044930517,18.645434536446942,110.29122104763769
202,101.0,76.5270556338919,14.649578091912975,18.549984894073727,109.72661861987861
203,101.5,76.13529860201093,14.57458402368367,18.455023877171357,109.16490650286596
204,102.0,75.74554705133863,14.499973864822557,18.360548984370034,108.60606990053122
205,102.5,75.35779071542271,14.42574565002216,18.26655772710499,108.05009409254986
206,103.0,74.97201938036685,14.3518974240358,18.173047629550894,107.49696443395354
207,103.5,74.58822288456169,14.278427241626087,18.080016228556662,106.94666635474444
208,104.0,74.20639111841713,14.205333167513684,17.987461073580576,106.39918535951139
209,104.5,73.82651402409607,14.132613276326328,17.895379726625688,105.85450702704809
210,105.0,73.44858159524944,14.060265652548114,17.803769762175673,105.31261700997322
211,105.5,73.07258387675263,13.988288390469044,17.712628767130873,104.77350103435255
212,106.0,72.69851096444329,13.916679594134822,17.62195434074478,104.23714489932289
213,106.5,72.32635300486041,13.845437377296909,17.531744094560743,103.70353447671806
214,107.0,71.95610019498477,13.77455986336285,17.441995652349153,103.17265571069677
215,107.5,71.58774278198075,13.704045185346835,17.35270665004473,102.64449461737232
216,108.0,71.2212710629394,13.63389148582052,17.263874735684333,102.11903728444425
217,108.5,70.85667538462285,13.564096916864095,17.17549756934499,101.59626987083193
218,109.0,70.4939461432101,13.49465964001762,17.087572823082237,101.07617860630995
219,109.5,70.13307378404396,13.425577826232592,17.000098180868825,100.55874979114537
220,110.0,69.77404880137942,13.356849655823769,16.913071338533694,100.04396979573688
221,110.5,69.41686173813324,13.288473318421232,16.826490003701316,99.53182506025578
222,111.0,69.06150318563485,13.220447012922701,16.740351895731255,99.0223020942888
223,111.5,68.70796378337855,13.152768947446093,16.654654745658092,98.51538747648273
224,112.0,68.35623421877683,13.085437339282327,16.56939629613175,98.01106785419091
225,112.5,68.00630522691519,13.01845041484836,16.484574301357966,97.50932994312151
226,113.0,67.65816759030805,12.951806409640456,16.400186527039082,97.01016052698759
227,113.5,67.31181213865594,12.885503568187737,16.316230750315306,96.51354645715898
228,114.0,66.96722974860396,12.81954014400591,16.23270475970607,96.01947465231594
229,114.5,66.62441134350142,12.753914399551288,16.149606355051834,95.52793209810454
230,115.0,66.28334789316285,12.688624606175006,16.066933347456093,95.03890584679395
231,115.5,65.94403041363006,12.623669044077499,15.984683559227708,94.55238301693527
232,116.0,65.60644996693546,12.559046002263187,15.902854823823631,94.06835079302228
233,116.5,65.27059766086671,12.494753778495413,15.82144498579171,93.58679642515384
234,117.0,64.93646464873245,12.430790679251608,15.740451900714014,93.10770722869808
235,117.5,64.60404212912928,12.367155019678675,15.65987343515029,92.63107058395825
236,118.0,64.27332134570989,12.303845123548614,15.579707466581793,92.1568739358403
237,118.5,63.94429358695243,12.240859323214362,15.499951883355376,91.68510479352217
238,119.0,63.616950185931074,12.17819595956587,15.420604584627837,91.21575073012478
239,119.5,63.291282520087655,12.115853381986401,15.341663480310633,90.74879938238469
240,120.0,62.9672820110046,12.053829948309048,15.263126491014756,90.2842384503284
241,120.5,62.644940124178916,11.992124024773476,15.184991547996047,89.82205569694844
242,121.0,62.324248368797434,11.930733985982897,15.107256593100622,89.36223894788095
243,121.5,62.00519829751311,11.869658214861241,15.029919578710702,88.90477609108505
244,122.0,61.68778150622255,11.808895102610569,14.95297846769065,88.44965507652377
245,122.5,61.37198963384459,11.748443048668701,14.876431233333339,87.99686391584663
246,123.0,61.057814362100096,11.688300460667046,14.800275859306764,87.5463906820739
247,123.5,60.74524741529284,11.628465754388657,14.724510339600897,87.09822350928239
248,124.0,60.434280560091494,11.568937353726508,14.649132678474889,86.65235059229289
249,124.5,60.12490560531279,11.509713690641979,14.574140890404474,86.20876018635924
250,125.0,59.81711440170573,11.450793205123539,14.499533000029672,85.76744060685894
251,125.5,59.510898841736925,11.392174345145667,14.42530704210276,85.32838022898535
252,126.0,59.20625085937705,11.333855566627967,14.351461061436503,84.89156748744152
253,126.5,58.90316242988837,11.27583533339449,14.277993112852663,84.45699087613552
254,127.0,58.601625569613354,11.218112117133275,14.204901261130734,84.02463894787736
255,127.5,58.30163233576439,11.160684397356093,14.132183580956998,83.59450031407748
256,128.0,58.00317482621454,11.10355066135839,14.059838156873795,83.16656364444673
257,128.5,57.70624517928942,11.046709404179445,13.987863083229072,82.74081766669794
258,129.0,57.4108355735601,10.990159128562723,13.916256464126171,82.317251166249
259,129.5,57.116938227637085,10.933898344916443,13.845016413373905,81.89585298592743
260,130.0,56.82454539996533,10.877925571274337,13.774141054436877,81.47661202567654
261,130.5,56.53364938862035,10.822239333256613,13.703628520386024,81.05951724226298
262,131.0,56.24424253110529,10.766838164031121,13.633476953849481,80.6445576489859
263,131.5,55.95631720414915,10.711720604274708,13.563684506963655,80.23172231538751
264,132.0,55.66986582350596,10.656885202134783,13.494249341324467,79.82100036696521
265,132.5,55.38488084375496,10.60233051319108,13.425169627939054,79.41238098488509
266,133.0,55.101354758101905,10.5480551004176,13.356443547177491,79.005853405697
267,133.5,54.819280098181316,10.494057534144758,13.288069288724891,78.60140692105097
268,134.0,54.53864943385972,10.440336392021738,13.220045051533756,78.19903087741521
269,134.5,54.25945537303997,10.386890258979008,13.152369043776474,77.79871467579545
270,135.0,53.981690561466515,10.333717727191061,13.085039482798155,77.40044777145573
271,135.5,53.705347682531674,10.280817396039328,13.018054595069689,77.00421967364069
272,136.0,53.43041945708292,10.228187872075273,12.951412616140994,76.61001994529919
273,136.5,53.156898643231145,10.175827768983702,12.885111790594571,76.21783820280942
274,137.0,52.88477803615991,10.123735707546237,12.819150371999202,75.82766411570535
275,137.5,52.614050467935606,10.071910315604995,12.753526622864051,75.43948740640465
276,138.0,52.34470880731872,10.020350228026437,12.688238814592808,75.05329784993796
277,138.5,52.07674595957593,9.969054086665409,12.623285227438203,74.66908527367954
278,139.0,51.81015486629327,9.918020540329369,12.558664150456668,74.2868395570793
279,139.5,51.544928505190164,9.8672482447428,12.494373881463307,73.90655063139627
280,140.0,51.28105988993448,9.816735862511788,12.430412726987047,73.52820847943332
281,140.5,51.0185420699585,9.766482063088805,12.366779002226007,73.15180313527331
282,141.0,50.7573681302758,9.71648552273766,12.30347103100316,72.77732468401662
283,141.5,50.49753119129916,9.66674492449862,12.240487145722138,72.40476326151992
284,142.0,50.2390244086593,9.617258958153736,12.177825687323347,72.03410905413638
285,142.5,49.98184097302461,9.568026320192317,12.115485005240224,71.66535229845715
286,143.0,49.72597410992179,9.5190457137766,12.053463457355809,71.2984832810542
287,143.5,49.471417079557426,9.470315848707589,11.991759409959425,70.93349233822444
288,144.0,49.21816317664039,9.421835441391073,11.930371237703705,70.57036985573517
289,144.5,48.966205730205274,9.373603214803806,11.869297323561755,70.20910626857084
290,145.0,48.71553810343665,9.325617898459884,11.808536058784545,69.84969206068108
291,145.5,48.46615369349426,9.27787822837726,11.74808584285856,69.49211776473008
292,146.0,48.218045931339084,9.230382947044465,11.687945083463621,69.13637396184717
293,146.5,47.97120828156029,9.183130803387478,11.628112196430948,68.78245128137871
294,147.0,47.72563424220309,9.136120552736774,11.568585605701447,68.43034040064131
295,147.5,47.481317344597514,9.08935095679453,11.509363743284158,68.0800320446762
296,148.0,47.23825115318795,9.042820783602014,11.450445049214995,67.73151698600496
297,148.5,46.99642926536369,8.996528807507138,11.39182797151562,67.38478604438644
298,149.0,46.755845311290216,8.950473809132163,11.333510966152573,67.03983008657495
299,149.5,46.51649295374147,8.904654575341583,11.275492496996625,66.69664002607968
300,150.0,46.27836588793288,8.859069899210178,11.217771035782283,66.35520682292534
301,150.5,46.04145784135531,8.813718579991209,11.160345062067544,66.01552148341406
302,151.0,45.805762573609854,8.768599423084794,11.103213063193849,65.6775750598885
303,151.5,45.571273876243396,8.72371124000645,11.04637353424623,65.34135865049608
304,152.0,45.33798557258514,8.679052848355772,10.989824978013681,65.0068633989546
305,152.5,45.10589151758387,8.634623071785299,10.933565904949702,64.67408049431887
306,153.0,44.87498559764609,8.590420739969526,10.877594833133108,64.34300117074872
307,153.5,44.645261730475006,8.546444688574065,10.821910288228905,64.01361670727798
308,154.0,44.41671386491028,8.502693759224996,10.766510803449549,63.685918427584824
309,154.5,44.18933598076866,8.459166799478337,10.711394919516254,63.35989769976325
310,155.0,43.96312208868538,8.415862662789694,10.65656118462059,63.035545936095666
311,155.5,43.73806622995643,8.372780208484057,10.6020081543862,62.71285459282669
312,156.0,43.51416247638157,8.329918301725755,10.547734391830765,62.39181516993809
313,156.5,43.29140493010818,8.287275813488566,10.493738467328182,62.07241921092493
314,157.0,43.0697877234759,8.244851620525976,10.440018958570883,61.75465830257276
315,157.5,42.84930501886208,8.202644605341588,10.386574450532352,61.43852407473602
316,158.0,42.62995100852803,8.16065365615969,10.333403535429886,61.12400820011761
317,158.5,42.411719914465976,8.118877666895969,10.280504812687504,60.81110239404945
318,159.0,42.19460598824693,8.077315537128374,10.227876888899036,60.49979841427434
319,159.5,41.97860351086922,8.035966172068129,10.175518377791441,60.19008806072879
320,160.0,41.76370679260789,7.9948284825309,10.123427900188268,59.88196317532706
321,160.5,41.549910172864784,7.953901384908102,10.07160408397336,59.57541564174625
322,161.0,41.33720802001947,7.9131838011383495,10.020045564054687,59.2704373852125
323,161.5,41.12559473128088,7.872674658679072,9.968750982328382,58.96702037228833
324,162.0,40.91506473253974,7.832372890478249,9.917718987642997,58.665156610660986
325,162.5,40.70561247822175,7.792277434946311,9.866948235763868,58.36483814893193
326,163.0,40.49723245114147,7.752387235928179,9.816437389337754,58.066057076407404
327,163.5,40.28991916235702,7.712701242675434,9.76618511785759,57.76880552289005
328,164.0,40.083667151025516,7.673218409818646,9.716190097627418,57.47307565847158
329,164.5,39.87847098425916,7.633937697339836,9.666451011727556,57.17885969332655
330,165.0,39.674325256982215,7.594858070545079,9.616966549979885,56.88614987750718
331,165.5,39.47122459178856,7.555978500037258,9.567735408913347,56.59493850073917
332,166.0,39.26916363880009,7.5172979616889375,9.518756291729618,56.30521789221864
333,166.5,39.06813707552576,7.47881543661539,9.470027908268927,56.01698042041008
334,167.0,38.86813960672143,7.440529911147761,9.421548974976085,55.730218492845275
335,167.5,38.669165964250325,7.402440376806369,9.373318214866678,55.44492455592337
336,168.0,38.47121090694432,7.364545830274133,9.325334357493425,55.16109109471188
337,168.5,38.274269220465854,7.326845273370152,9.2775961389127,54.87871063274871
338,169.0,38.07833571717056,7.289337713023412,9.230102301651296,54.59777573184527
339,169.5,37.88340523597067,7.252022161246619,9.182851594673213,54.3182789918905
340,170.0,37.68947264219903,7.214897635110185,9.135842773346766,54.04021305065598
341,170.5,37.49653282747385,7.177963156716325,9.089074599411786,53.76357058360196
342,171.0,37.304580709564156,7.141217753173312,9.04254584094701,53.48834430368448
343,171.5,37.11361123225592,7.104660456569838,8.9962552723376,53.21452696116336
344,172.0,36.923619365218855,7.068290303949524,8.950201674242898,52.94211134341128
345,172.5,36.73460010387393,7.032106337285557,8.90438383356428,52.67109027472377
346,173.0,36.54654846926153,6.9961076034554495,8.858800543413217,52.4014566161302
347,173.5,36.359459507910316,6.960293154215935,8.813450603079485,52.133203265205736
348,174.0,36.17332829170674,6.924662046177991,8.76833281799953,51.86632315588426
349,174.5,35.98814991776524,6.889213340781987,8.723445999724992,51.60080925827222
350,175.0,35.80391950829909,6.853946104272967,8.678788965891425,51.33665457846348
351,175.5,35.620632210491905,6.818859407676046,8.63436054018713,51.07385215835508
352,176.0,35.43828319636983,6.783952326771946,8.590159552322177,50.812395075463954
353,176.5,35.256867662674345,6.7492239420726525,8.546184837997593,50.55227644274459
354,177.0,35.07638083073576,6.714673338797185,8.502435238874673,50.293489408407616
355,177.5,34.896817946347326,6.680299606847509,8.458909602544477,50.03602715573931
356,178.0,34.71817427964003,6.64610184078456,8.415606782497463,49.779882902922054
357,178.5,34.54044512495798,6.612079139804395,8.372525638093313,49.525049902855685
358,179.0,34.363625800734454,6.578230607714461,8.329665034530853,49.27152144297977
359,179.5,34.187711649368595,6.544555352909997,8.287023842818192,49.01929084509678
360,180.0,34.01269803710272,6.5110524883505345,8.244600939742961,48.76835146519622
361,180.5,33.83858035390027,6.477721131536543,8.202395207842745,48.51869669327956
362,181.0,33.66535401332434,6.444560404486182,8.160405535375645,48.27031995318617
363,181.5,33.493014452416936,6.411569433712168,8.11863081629096,48.02321470242006
364,182.0,33.32155713157871,6.378747350198775,8.077069950200109,47.77737443197759
365,182.5,33.15097753444943,6.346093289378933,8.035721842347593,47.53279266617596
366,183.0,32.981271167789,6.31360639111147,7.994585403582207,47.28946296248267
367,183.5,32.81243356135909,6.281285799658438,7.9536595503283,47.04737891134583
368,184.0,32.64446026780543,6.249130663662581,7.912943204557275,46.806534136025284
369,184.5,32.47734686254059,6.217140136124911,7.87243529375916,46.566922292424664
370,185.0,32.3110889436275,6.185313374382393,7.8321347509143875,46.328537068924284
371,185.5,32.145682131663456,6.153649540085748,7.792040514465665,46.09137218621487
372,186.0,31.981122069664785,6.122147799177373,7.7521515282900175,45.855421397132176
373,186.5,31.817404422952066,6.09080732186937,7.712466741670973,45.62067848649241
374,187.0,31.654524879035947,6.059627282621689,7.672985109270892,45.38713727092853
375,187.5,31.492479147503563,6.0286068601203775,7.633705591103417,45.15479159872736
376,188.0,31.331262959905523,5.9977452372559545,7.594627152506086,44.92363534966756
377,188.5,31.170872069643455,5.96704160110188,7.555748764113075,44.69366243485841
378,189.0,31.01130225185817,5.936495142893149,7.517069401828083,44.4648667965794
379,189.5,30.85254930331835,5.906105058004979,7.478588046797363,44.23724240812069
380,190.0,30.694609042309853,5.875870545931624,7.440303685382885,44.01078327362436
381,190.5,30.537477308525546,5.845790810265283,7.402215309135622,43.78548342792645
382,191.0,30.381149962955725,5.81586505867512,7.364321914769009,43.561336936399854
383,191.5,30.2256228877791,5.786092502886398,7.32662250413249,43.33833789479799
384,192.0,30.070891986254313,5.756472358659712,7.289116084185244,43.11648042909927
385,192.5,29.916953182612026,5.727003845770335,7.251801666970016,42.89575869535238
386,193.0,29.76380242194757,5.697686187987665,7.2146782695870995,42.676166879522334
387,193.5,29.611435670114126,5.668518613054772,7.17774491416845,42.45769919733735
388,194.0,29.459848913616465,5.6395003526680645,7.141000627851914,42.24034989413644
389,194.5,29.30903815950523,5.610630642457047,7.10444444275561,42.02411324471789
390,195.0,29.158999435271753,5.581908721964187,7.068075395952451,41.80898355318839
391,195.5,29.009728788743423,5.553333834624883,7.031892529444736,41.59495515281304
392,196.0,28.861222287979572,5.524905227747537,6.995894890138972,41.38202240586608
393,196.5,28.713476021167914,5.496622152493726,6.960081529820714,41.170179703482354
394,197.0,28.566486096521498,5.468483863858479,6.924451505129623,40.9594214655096
395,197.5,28.42024864217619,5.440489620650651,6.8890038775346065,40.74974214036145
396,198.0,28.274759806088696,5.412638685473403,6.853737713309095,40.541136204871194
397,198.5,28.130015755935077,5.38493032470477,6.818652083506462,40.33359816414631
398,199.0,27.98601267900983,5.357363808478347,6.783746063935521,40.127122551423696
399,199.5,27.84274678212543,5.329938410664052,6.749018735136207,39.92170392792569
400,200.0,27.700214291512427,5.302653408849015,6.714469182355358,39.7173368827168
401,200.5,27.558411452720033,5.275508084318535,6.680096495522612,39.51401603256118
402,201.0,27.417334530517234,5.248501722037149,6.645899769226441,39.311736021780824
403,201.5,27.2769798087944,5.221633610629805,6.61187810269028,39.110491522114486
404,202.0,27.1373435904654,5.194903042363119,6.578030599748825,38.91027723257734
405,202.5,26.998422197370193,5.168309313126734,6.5443563688244275,38.711087879321354
406,203.0,26.860211970177986,5.141851722414771,6.510854522903593,38.51291821549635
407,203.5,26.722709268290807,5.115529573307375,6.477524179513617,38.3157630211118
408,204.0,26.585910469747628,5.089342172452368,6.444364460699352,38.11961710289935
409,204.5,26.44981197112894,5.063288830046973,6.411374493000077,37.92447529417599
410,205.0,26.314410187461856,5.03736885981965,6.378553407426485,37.73033245470799
411,205.5,26.179701552125664,5.011581579012017,6.345900339437797,37.53718347057548
412,206.0,26.04568251675789,4.985926308360868,6.313414428918992,37.34502325403775
413,206.5,25.91234955116082,4.960402372080277,6.281094820158132,37.15384674339923
414,207.0,25.77969914320851,4.9350090978438015,6.248940661823854,36.963648902876166
415,207.5,25.64772779875429,4.909745816766767,6.216951106942927,36.77442472246398
416,208.0,25.516432041538707,4.8846118633886535,6.185125312877932,36.58616921780529
417,208.5,25.38580841309797,4.859606575655563,6.153462441305073,36.398877430058604
418,209.0,25.25585347267283,4.834729294902781,6.121961658192115,36.212544425767724
419,209.5,25.12656379711797,4.809979365837429,6.090622133776381,36.02716529673178
420,210.0,24.997935980811825,4.785356136521201,6.059443042542925,35.84273515987595
421,210.5,24.869966635566872,4.760858958353188,6.02842356320277,35.65924915712283
422,211.0,24.742652390540396,4.7364871860528,5.9975628786712765,35.47670245526447
423,211.5,24.615989892145677,4.712240177642765,5.9668601760466204,35.29509024583506
424,212.0,24.489975803963667,4.688117294432217,5.936314646588393,35.11440774498428
425,212.5,24.364606806655104,4.664117900999875,5.905925485696267,34.934650193351246
426,213.0,24.23987959787308,4.640241365177302,5.875691892888843,34.755812855939226
427,213.5,24.115790892176047,4.616487058032261,5.845613071782521,34.57789102199083
428,214.0,23.992337420941272,4.592854353852138,5.815688230070569,34.40088000486398
429,214.5,23.869515932278745,4.5693426301274656,5.785916579502214,34.224775141908424
430,215.0,23.74732319094553,4.545951267535526,5.75629733586189,34.049571794342945
431,215.5,23.62575597826052,4.522679649924036,5.7268297189486015,33.87526534713316
432,216.0,23.504811092019686,4.499527164294914,5.697512952555339,33.70185120886994
433,216.5,23.384485346411694,4.4764932007881395,5.66834626444866,33.52932481164849
434,217.0,23.264775571934017,4.453577152665684,5.639328886348327,33.35768161094803
435,217.5,23.14567861530943,4.43077841629553,5.610460053907085,33.18691708551204
436,218.0,23.027191339402943,4.408096391135772,5.581739006690522,33.01702673722924
437,218.5,22.909310623139188,4.3855304797187955,5.553164988157047,32.84800609101503
438,219.0,22.7920333614202,4.363080087635538,5.524737245637933,32.67985069469367
439,219.5,22.6753564650436,4.340744623519838,5.496455030317542,32.51255611888098
440,220.0,22.55927686062126,4.318523499032851,5.468317597213547,32.34611795686766
441,220.5,22.44379149049833,4.296416128847555,5.440324205157341,32.18053182450323
442,221.0,22.328897312672694,4.27442193063333,5.412474116774498,32.01579336008052
443,221.5,22.214591300714833,4.252540325040625,5.384766598465367,31.851898224220825
444,222.0,22.100870443688127,4.230770735685691,5.3572009203857265,31.688842099759544
445,222.5,21.98773174606952,4.2091125891354,5.329776356427584,31.526620691632505
446,223.0,21.875172227670646,4.187565314892143,5.3024921842000206,31.36522972676281
447,223.5,21.763188923559287,4.166128345378797,5.27534768501019,31.204664953948274
448,224.0,21.651778883981308,4.144801115923782,5.248342143844374,31.044922143749464
449,224.5,21.54093917428294,4.123583064746179,5.221474849349149,30.885997088378268
450,225.0,21.430666874833488,4.102473632940939,5.194745093812649,30.727885601587076
451,225.5,21.320959080948416,4.081472264464153,5.168152173145924,30.570583518558493
452,226.0,21.21181290281284,4.060578406118414,5.141695386864394,30.41408669579565
453,226.5,21.103225465405416,4.039791507538242,5.115374038069392,30.25839101101305
454,227.0,20.995193908422575,4.0191110211755845,5.089187433429823,30.103492363027982
455,227.5,20.887715386203222,3.9985364022853935,5.063134883163881,29.949386671652498
456,228.0,20.78078706765376,3.97806710891128,5.037215701020898,29.796069877585936
457,228.5,20.67440613617351,3.9577026018712345,5.0114292042632425,29.643537942307987
458,229.0,20.56856978958053,3.937442344743428,4.985774713648368,29.491786847972325
459,229.5,20.46327524003779,3.917285803852079,4.960251553410894,29.340812597300765
460,230.0,20.358519713979764,3.897232448253397,4.934859051244815,29.190611213477975
461,230.5,20.254300452039327,3.877281749721599,4.909596538285799,29.041178740046725
462,231.0,20.150614708975116,3.857433182734991,4.884463349093557,28.892511240803664
463,231.5,20.047459753599192,3.837686224462129,4.85945882163432,28.74460479969564
464,232.0,19.944832868705102,3.818040354748047,4.834582297263402,28.59745552071655
465,232.5,19.84273135099631,3.7984950561005517,4.809833120707844,28.451059527804706
466,233.0,19.74115251101498,3.7790498136765973,4.785210640049161,28.30541296474074
467,233.5,19.640093673071142,3.759704115268719,4.760714206706171,28.160511995046033
468,234.0,19.53955217517221,3.7404574512915416,4.736343175417902,28.016352801881656
469,234.5,19.439525368952864,3.7213093147683582,4.712096904226598,27.87293158794782
470,235.0,19.340010619605277,3.7022592013177773,4.6879747544608135,27.730244575383868
471,235.5,19.24100530580973,3.6833066091404314,4.663976090718587,27.588288005668748
472,236.0,19.14250681966555,3.664451039005765,4.640100280850703,27.447058139522017
473,236.5,19.04451256662242,3.645691994238881,4.616346695944049,27.30655125680535
474,237.0,18.94701996541204,3.6270289807074585,4.592714710305031,27.16676365642453
475,237.5,18.850026447980124,3.6084615068087387,4.56920370144311,27.027691656231973
476,238.0,18.753529459418765,3.589989083456572,4.545813050054399,26.889331592929736
477,238.5,18.657526457899124,3.5716112240685374,4.522542140005349,26.75167982197301
478,239.0,18.562014914604493,3.5533274445531244,4.499390358316516,26.614732717474133
479,239.5,18.46699231366367,3.535137263296983,4.476357095146421,26.478486672107074
480,240.0,18.372456152084688,3.517040201152237,4.453441743775486,26.34293809701241
481,240.5,18.278403939688893,3.49903578142386,4.430643700590043,26.208083421702796
482,241.0,18.18483319904534,3.481123529857124,4.407962365066448,26.07391909396891
483,241.5,18.09174146540554,3.463302974625102,4.385397139755248,25.94044157978589
484,242.0,17.999126286638543,3.4455736463162427,4.362947430265459,25.807647363220244
485,242.5,17.90698522316633,3.427935077922004,4.340612645248896,25.67553294633723
486,243.0,17.815315847899566,3.4103868048245536,4.318392196384605,25.544094849108724
487,243.5,17.72411574617366,3.3929283647845274,4.2962854983633605,25.413329609321547
488,244.0,17.633382515685167,3.3755592979288567,4.274291968872247,25.28323378248627
489,244.5,17.543113766428505,3.3582791467386532,4.252411028579328,25.153803941746485
490,245.0,17.453307120632996,3.3410874560371573,4.230642101118382,25.025036677788535
491,245.5,17.363960212700242,3.3239837729777486,4.208984613073713,24.896928598751703
492,246.0,17.27507068914181,3.3069676470320175,4.187437993965055,24.769476330138883
493,246.5,17.186636208517225,3.2900386299778996,4.166001676232547,24.642676514727672
494,247.0,17.098654441372314,3.2731962758878645,4.144675095221777,24.516525812481955
495,247.5,17.01112307017784,3.256440141117174,4.123457689168902,24.391020900463918
496,248.0,16.924039789268452,3.239769784292194,4.102348899185872,24.26615847274652
497,248.5,16.837402304781946,3.2231847662987696,4.081348169245684,24.1419352403264
498,249.0,16.75120833459886,3.206684650270655,4.0604549461677495,24.018347931037265
499,249.5,16.66545560828234,3.1902690015780126,4.03966867960332,23.895393289463673
500,250.0,16.58014186701835,3.1739373878159567,4.018988822020991,23.7730680768553
501,250.5,16.495264863556173,3.1576893787931692,3.9984148286922756,23.651369071041618
502,251.0,16.41082236214919,3.141524546520566,3.977946157677268,23.530293066347024
503,251.5,16.326812138496027,3.125442465200022,3.9575822698103504,23.4098368735064
504,252.0,16.243231979681937,3.109442711213156,3.937322628686004,23.289997319581097
505,252.5,16.160079684120525,3.0935248631101735,3.9171667006446698,23.17077124787537
506,253.0,16.07735306149574,3.077688501598765,3.897113954758708,23.052155517853212
507,253.5,15.995049932704193,3.061933209533059,3.877163862818387,22.93414700505564
508,254.0,15.913168129797759,3.0462585719026363,3.8573158993179986,22.816742601018394
509,254.5,15.83170549592646,3.030664175821598,3.837569541441991,22.69993921319005
510,255.0,15.750659885281658,3.0151496105176894,3.8179242690512125,22.58373376485056
511,255.5,15.67002916303953,2.9997144673214793,3.7983795646692036,22.468123195030213
512,256.0,15.589811205304834,2.9843583396555955,3.778934913468576,22.353104458429005
513,256.5,15.510003899054967,2.969080823024015,3.759589803257432,22.238674525336414
514,257.0,15.430605142084302,2.9538815150014104,3.740343724465899,22.12483038155161
515,257.5,15.35161284294882,2.938760015222547,3.7211961701326786,22.011569028304045
516,258.0,15.273024920911013,2.9237159253717397,3.7021466358917134,21.898887482174466
517,258.5,15.194839305885074,2.908748849172359,3.683194619958898,21.78678277501633
518,259.0,15.117053938382375,2.8938583923763934,3.6643396231188516,21.67525195387762
519,259.5,15.039666769457215,2.879044162754065,3.6455811487117806,21.56429208092306
520,260.0,14.962675760652846,2.8643057700834964,3.6269187026203875,21.45390023335673
521,260.5,14.886078883947784,2.8496428261404336,3.608351793256862,21.34407350334508
522,261.0,14.809874121702384,2.8350549446880176,3.589879931549922,21.234808997940323
523,261.5,14.734059466605695,2.8205417414666125,3.5715026309319406,21.126103839004248
524,262.0,14.658632921622582,2.806102834183683,3.553219407326127,21.01795516313239
525,262.5,14.583592499941128,2.7917378425037254,3.5350297791337737,20.910360121578627
526,263.0,14.508936224920294,2.7774463880382454,3.5169332672215754,20.803315880180115
527,263.5,14.43466213003786,2.7632280943357963,3.498929394908996,20.696819619282653
528,264.0,14.360768258838617,2.749082586872059,3.48101768795573,20.590868533666406
529,264.5,14.287252664882832,2.735009493039978,3.463197674549193,20.485459832472003
530,265.0,14.214113411694981,2.7210084421399476,3.445468885292111,20.38059073912704
531,265.5,14.141348572712744,2.7070790653700443,3.427830853190135,20.276258491272923
532,266.0,14.06895623123624,2.693220995816317,3.410283113639561,20.17246034069212
533,266.5,13.996934480377563,2.6794338684431165,3.39282520441508,20.06919355323576
534,267.0,13.925281423010535,2.665717320083483,3.375456665657606,19.966455408751624
535,267.5,13.853995171720738,2.6520709894295824,3.358177039862164,19.864243201012485
536,268.0,13.783073848755809,2.638494517023182,3.3409858718658265,19.762554237644817
537,268.5,13.712515585975954,2.6249875452461913,3.3238827088357477,19.661385840057893
538,269.0,13.642318524804763,2.6115497183112333,3.306867100257214,19.56073534337321
539,269.5,13.572480816180242,2.5981806822522784,3.2899385979217883,19.46060009635431
540,270.0,13.503000620506109,2.584880084915317,3.2730967559155,19.360977461336926
541,270.5,13.433876107603334,2.5716475759490875,3.256341130607098,19.26186481415952
542,271.0,13.365105456661937,2.5584828067958427,3.23967128063637,19.16325954409415
543,271.5,13.296686856193018,2.5453854306821726,3.223086766902511,19.065159053777702
544,272.0,13.228618503981048,2.532355102609868,3.206587152552558,18.967560759143474
545,272.5,13.16089860703639,2.519391479346834,3.190172002969887,18.87046208935311
546,273.0,13.093525381548076,2.506494219418046,3.1738408857627634,18.773860486728886
547,273.5,13.026497052836815,2.4936629830965598,3.1575933707529464,18.67775340668632
548,274.0,12.959811855308251,2.480897432394558,3.141429029964364,18.582138317667173
549,274.5,12.89346803240645,2.4681972310544507,3.1253474376118358,18.487012701072736
550,275.0,12.827463836567633,2.4555620445400157,3.109348170089862,18.39237405119751
551,275.5,12.761797529174142,2.442991540027589,3.09343080596146,18.29821987516319
552,276.0,12.696467380508643,2.430485386397296,3.0775949259470727,18.204547692853012
553,276.5,12.631471669708569,2.4180432542243273,3.061840112913512,18.11135503684641
554,277.0,12.566808684720787,2.405664815770266,3.046165951862974,18.018639452354027
555,277.5,12.502476722256496,2.3933497449744516,3.030572029922115,17.926398497153063
556,278.0,12.438474087746368,2.381097717445393,3.015057936331171,17.83462974152293
557,278.5,12.374799095295911,2.368908410452222,2.99962326243313,17.743330768181263
558,279.0,12.31145006764105,2.3567815029161943,2.98426760166299,17.652499172220235
559,279.5,12.248425336103965,2.34471667540223,2.9689905495370184,17.562132561043214
560,280.0,12.185723240549114,2.3327136101105013,2.953791703642128,17.472228554301743
561,280.5,12.123342129339525,2.3207719908680575,2.938670663625257,17.38278478383284
562,281.0,12.061280359293272,2.3088915031205017,2.9236270311828276,17.293798893596602
563,281.5,11.999536295640207,2.2970718339237024,2.9086604100502615,17.20526853961417
564,282.0,11.938108311978883,2.2853126719355505,2.893770405991535,17.11719138990597
565,282.5,11.87699479023373,2.2736137074077574,2.8789566267887965,17.029565124430285
566,283.0,11.816194120612423,2.2619746321776963,2.864218682232033,16.94238743502215
567,283.5,11.755704701563477,2.2503951396602875,2.8495561841087924,16.855656025332557
568,284.0,11.695524939734069,2.23887492483992,2.834968746193956,16.769368610767945
569,284.5,11.635653249928053,2.227413684262417,2.820455984239577,16.683522918430047
570,285.0,11.576088055064224,2.216011116027043,2.806017515964739,16.598116687056006
571,285.5,11.516827786134758,2.2046669197785533,2.7916529610455036,16.513147666958815
572,286.0,11.457870882163892,2.193380796699279,2.777361941104887,16.428613619968058
573,286.5,11.39921579016681,2.1821524495012574,2.763144079702878,16.344512319370946
574,287.0,11.340860965108721,2.1709815824184036,2.748999002326552,16.260841549853676
575,287.5,11.28280486986418,2.1598679011987145,2.734926336380178,16.177599107443072
576,288.0,11.22504597517658,2.1488111130965226,2.7209257111754255,16.094782799448527
577,288.5,11.167582759617884,2.137810926864783,2.7069967579215826,16.01239044440425
578,289.0,11.110413709548546,2.126867052747401,2.6931391097158555,15.930419872011802
579,289.5,11.053537319077636,2.1159792024715993,2.67935240153369,15.848868923082925
580,290.0,10.996952090023175,2.1051470892403277,2.6656362702191707,15.767735449482673
581,290.5,10.940656531872671,2.094370427724705,2.6519903544754477,15.687017314072824
582,291.0,10.88464916174386,2.083648934056506,2.6384142948552194,15.606712390655586
583,291.5,10.828928504345644,2.0729823258206808,2.6249077337512676,15.526818563917592
584,292.0,10.77349309193923,2.062370322047919,2.6114703153870304,15.44733372937418
585,292.5,10.718341464299465,2.051812643207247,2.5981016858072423,15.368255793313955
586,293.0,10.663472168676376,2.041309011198665,2.5848014928686034,15.289582672743645
587,293.5,10.608883759756907,2.030859149345822,2.5715693862305007,15.21131229533323
588,294.0,10.55457479962684,2.0204627823887265,2.5584050173457857,15.133442599361352
589,294.5,10.500543857732923,2.0101196364764986,2.5453080394515917,15.055971533661014
590,295.0,10.446789510845186,1.9998294391601537,2.5322781075602023,14.978897057565542
591,295.5,10.393310343019456,1.9895919193854275,2.5193148784499524,14.902217140854836
592,296.0,10.340104945560052,1.979406807485636,2.5064180106562057,14.825929763701893
593,296.5,10.287171916982688,1.9692738351745709,2.493587164462344,14.750032916619602
594,297.0,10.234509862977548,1.959192735539435,2.4808220018908256,14.674524600407809
595,297.5,10.182117396372563,1.94916324303381,2.4681221866942864,14.59940282610066
596,298.0,10.12999313709687,1.9391850934706607,2.455487384346675,14.524665614914205
597,298.5,10.078135712144459,1.9292580240153785,2.4429172620344457,14.450310998194283
598,299.0,10.02654375553801,1.9193817731788565,2.430411488647789,14.376337017364655
599,299.5,9.975215908292903,1.9095560808106018,2.4179697347719165,14.302741723875421
600,300.0,9.924150818381435,1.8997806880918822,2.4055916726783746,14.229523179151691
601,300.5,9.873347140697195,1.8900553375289104,2.393276976316416,14.156679454542521
602,301.0,9.822803537019634,1.8803797729460605,2.3810253213044152,14.08420863127011
603,301.5,9.772518675978823,1.870753739479119,2.368836384921314,14.012108800379256
604,302.0,9.722491233020373,1.8611769835685725,2.356709846098129,13.940378062687074
605,302.5,9.672719890370548,1.85164925295293,2.3446453854094944,13.869014528732972
606,303.0,9.623203337001556,1.8421702966620757,2.3326426850652435,13.798016318728875
607,303.5,9.573940268597013,1.8327398650106588,2.3207014289020407,13.727381562509713
608,304.0,9.52492938751759,1.823357709591517,2.308821302375052,13.657108399484159
609,304.5,9.476169402766823,1.8140235832691334,2.29700199254966,13.587194978585616
610,305.0,9.42765902995712,1.8047372401731256,2.28524318809322,13.517639458223465
611,305.5,9.379396991275913,1.7954984356917714,2.2735445792668663,13.44844000623455
612,306.0,9.331382015452014,1.7863069264655624,2.2619058579173386,13.379594799834916
613,306.5,9.28361283772212,1.7771624703807969,2.2503267174688792,13.311102025571797
614,307.0,9.2360881997975,1.7680648265631995,2.2388068529151517,13.242959879275851
615,307.5,9.188806849830849,1.7590137553715783,2.2273459608112045,13.175166566013631
616,308.0,9.141767542383313,1.7500090183915116,2.215943739265483,13.107720300040308
617,308.5,9.09496903839169,1.7410503784290672,2.204599887931872,13.04061930475263
618,309.0,9.048410105135781,1.7321375995045565,2.193314108001791,12.973861812642129
619,309.5,9.002089516205928,1.7232704468463167,2.1820861021963127,12.907446065248557
620,310.0,8.956006051470697,1.7144486868845275,2.170915574758346,12.84137031311357
621,310.5,8.910158497044753,1.705672087245058,2.1598022314448366,12.775632815734648
622,311.0,8.864545645256879,1.696940416743346,2.1487457795190155,12.71023184151924
623,311.5,8.819166294618158,1.688253445378309,2.1377459277426967,12.645165667739164
624,312.0,8.774019249790342,1.6796109443262845,2.1268023863685888,12.580432580485216
625,312.5,8.729103321554343,1.6710126859350052,2.115914867132685,12.516030874622032
626,313.0,8.684417326778924,1.6624584437175975,2.105083083246652,12.451958853743173
627,313.5,8.639960088389529,1.6539479923466212,2.0943067493902845,12.388214830126435
628,314.0,8.595730435337277,1.6454811076481302,2.0835855817039897,12.324797124689397
629,314.5,8.551727202568117,1.6370575665957692,2.0729192977813033,12.261704066945189
630,315.0,8.50794923099214,1.6286771473048984,2.0623076166614567,12.198933994958495
631,315.5,8.464395367453042,1.6203396290267493,2.0517502588219765,12.136485255301768
632,316.0,8.421064464697757,1.6120447921426098,2.0412469461713187,12.074356203011686
633,316.5,8.377955381346231,1.6037924181580387,2.0307974020415442,12.012545201545814
634,317.0,8.33506698186136,1.5955822896971112,2.0204013511810306,11.951050622739501
635,317.5,8.292398136519074,1.5874141904966925,2.0100585197472225,11.889870846762989
636,318.0,8.249947721378586,1.5792879054007414,1.999768635299422,11.82900426207875
637,318.5,8.207714618252782,1.5712032203546424,1.9895314267916036,11.768449265399028
638,319.0,8.165697714678766,1.563159922399568,1.9793466245652835,11.708204261643617
639,319.5,8.123895903888558,1.5551577996668684,1.9692139603424106,11.648267663897837
640,320.0,8.082308084779942,1.5471966413724911,1.959133167218304,11.588637893370738
641,320.5,8.040933161887462,1.539276237811429,1.9491039796546172,11.529313379353509
642,321.0,7.9997700453535625,1.5313963803521957,1.9391261334723489,11.470292559178107
643,321.5,7.958817650899882,1.5235568614313306,1.9291993658448814,11.411573878176094
644,322.0,7.918074899798696,1.5157574745479305,1.9193234152910579,11.353155789637684
645,322.5,7.877540718844497,1.507998014258212,1.909498021668296,11.295036754771004
646,323.0,7.837214040325728,1.500278276170098,1.8997229261657316,11.237215242661557
647,323.5,7.797093801996658,1.492598056937835,1.8899978712974068,11.1796897302319
648,324.0,7.757178947049399,1.4849571542566364,1.880322600895485,11.12245870220152
649,324.5,7.7174684240860705,1.4773553668573534,1.8706968601035021,11.065520651046926
650,325.0,7.677961187091106,1.4697924945011729,1.8611203953696553,11.008874076961934
651,325.5,7.638656195403698,1.4622683379743446,1.8515929544401188,10.952517487818161
652,326.0,7.599552413690382,1.4547826990829325,1.8421142863524127,10.896449399125727
653,326.5,7.5606488119177735,1.4473353806475935,1.8326841414287747,10.840668333994142
654,327.0,7.521944365325431,1.4399261864983846,1.823302271269596,10.785172823093411
655,327.5,7.483438054398861,1.4325549214695958,1.8139684287468723,10.729961404615329
656,328.0,7.445128864842665,1.4252213913946086,1.8046823679976998,10.675032624234973
657,328.5,7.4070157875538225,1.4179254031007806,1.7954438444177905,10.620385035072394
658,329.0,7.36909781859511,1.4106667644043591,1.7862526146550393,10.566017197654508
659,329.5,7.331373959168657,1.403445284105417,1.7771084366031014,10.511927679877175
660,330.0,7.293843215589633,1.3962607719828184,1.7680110693950275,10.458115056967479
661,330.5,7.256504599260078,1.3891130387892057,1.7589602733969096,10.404577911446193
662,331.0,7.219357126642855,1.3820018962460163,1.7499558102015773,10.351314833090449
663,331.5,7.1823998192357505,1.374927157038522,1.7409974426223116,10.298324418896584
664,332.0,7.145631703545696,1.3678886348108958,1.7320849346865954,10.245605273043187
665,332.5,7.109051811063125,1.3608861441613025,1.7232180516299047,10.193156006854332
666,333.0,7.072659178236459,1.3539195006370162,1.7143965598895208,10.140975238762996
667,333.5,7.036452846446732,1.3469885207295595,1.7056202270983798,10.089061594274671
668,334.0,7.000431861982337,1.3400930218698721,1.696888822078947,10.037413705931156
669,334.5,6.964595276013903,1.3332328224234997,1.6882021148371322,9.986030213274535
670,335.0,6.928942144569303,1.326407741685811,1.6795598765562332,9.934909762811348
671,335.5,6.8934715285087895,1.319617599877237,1.6709618795909005,9.884051007976927
672,336.0,6.858182493500254,1.3128622181385357,1.6624078974611498,9.83345260909994
673,336.5,6.823074109994621,1.3061414185260802,1.6538977048463903,9.783113233367091
674,337.0,6.788145453201356,1.299455024007173,1.6454310775794918,9.73303155478802
675,337.5,6.75339560306411,1.2928028584553808,1.6370077926408804,9.683206254160371
676,338.0,6.718823644236484,1.2861847466458969,1.628627628152662,9.633636019035043
677,338.5,6.684428666057916,1.2796005142509241,1.6202903633727812,9.584319543681621
678,339.0,6.650209762529696,1.2730499878350838,1.6119957786892027,9.535255529053982
679,339.5,6.616166032291097,1.266532994850847,1.6037436556141287,9.486442682756072
680,340.0,6.582296578595637,1.2600493636339896,1.5955337767782427,9.437879719007869
681,340.5,6.548600509287453,1.2535989233990705,1.5873659259249864,9.38956535861151
682,341.0,6.515076936777804,1.2471815042349326,1.57923988790486,9.341498328917597
683,341.5,6.481724978021693,1.2407969371002272,1.5711554486697565,9.293677363791677
684,342.0,6.4485437544946,1.2344450538189617,1.5631123952673214,9.246101203580883
685,342.5,6.415532392169345,1.22812568707607,1.5551105158353498,9.198768595080764
686,343.0,6.382690021493067,1.2218386704130033,1.547149599596196,9.151678291502266
687,343.5,6.350015777364316,1.2155838382233484,1.5392294368512285,9.104829052438893
688,344.0,6.317508799110265,1.2093610257484626,1.5313498189753048,9.058219643834033
689,344.5,6.285168230464042,1.203170069073136,1.5235105384112744,9.011848837948452
690,345.0,6.252993219542172,1.1970108051212722,1.5157113886645137,8.965715413327958
691,345.5,6.220982918822139,1.190883071651594,1.5079521642974867,8.91981815477122
692,346.0,6.189136485120063,1.184786707253368,1.5002326609243288,8.87415585329776
693,346.5,6.157453079568485,1.1787215513421556,1.4925526752054699,8.828727306116111
694,347.0,6.125931867594276,1.1726874441555803,1.484912004842274,8.78353131659213
695,347.5,6.094572018896649,1.1666842267491213,1.477310448571712,8.738566694217482
696,348.0,6.06337270742529,1.1607117409919256,1.4697478061610614,8.693832254578277
697,348.5,6.032333111358603,1.1547698295626427,1.4622238784026258,8.649326819323871
698,349.0,6.001452413082051,1.1488583359452824,1.4547384671084953,8.605049216135829
699,349.5,5.970729799166632,1.1429771044250892,1.4472913751053227,8.560998278697044
700,350.0,5.940164460347444,1.1371259800844427,1.4398824062291307,8.517172846661017
701,350.5,5.909755591502374,1.1313048087987758,1.432511365320141,8.47357176562129
702,351.0,5.879502391630883,1.1255134372325164,1.4251780582176397,8.430193887081039
703,351.5,5.849404063832914,1.1197517128350465,1.4178822917548577,8.387038068422818
704,352.0,5.819459815287898,1.1140194838366844,1.4106238737538837,8.344103172878466
705,352.5,5.789668857233868,1.1083165992446875,1.4034026130206079,8.301388069499163
706,353.0,5.760030404946686,1.1026429088392748,1.3962183193396762,8.258891633125637
707,353.5,5.730543677719373,1.0969982631696702,1.3890708034694832,8.216612744358526
708,354.0,5.701207898841538,1.0913825135501647,1.381959877137194,8.174550289528897
709,354.5,5.672022295578929,1.0857955120562008,1.3748853530337721,8.132703160668902
710,355.0,5.642986099153066,1.0802371115204767,1.367847044809058,8.0910702554826
711,355.5,5.614098544721,1.0747071655290685,1.3608447670668549,8.049650477316924
712,356.0,5.585358871355165,1.0692055284175734,1.3538783353600432,8.008442735132782
713,356.5,5.55676632202333,1.063732055267274,1.346947566185727,7.967445943476331
714,357.0,5.528320143568663,1.0582866019013197,1.340052276980395,7.9266590224503775
715,357.5,5.500019586689886,1.05286902488093,1.3331922861151173,7.886080897685933
716,358.0,5.471863905921547,1.0474791815016156,1.3263674128907548,7.845710500313917
717,358.5,5.4438523596143735,1.0421169297894193,1.3195774775332052,7.805546766936998
718,359.0,5.415984209915743,1.0367821284971765,1.3128223011886653,7.765588639601585
719,359.5,5.388258722750247,1.0314746371007952,1.3061017059189182,7.72583506576996
720,360.0,5.360675167800349,1.0261943157955529,1.2994155146966484,7.6862849982925505
721,360.5,5.333232818487156,1.0209410254924156,1.2927635514007785,7.64693739538035
722,361.0,5.3059309519512725,1.015714627814373,1.2861456408118288,7.607791220577474
723,361.5,5.278768849033763,1.010514985092794,1.2795616086073032,7.56884544273386
724,362.0,5.251745794257208,1.0053419603638003,1.2730112813570955,7.530099035978104
725,362.5,5.224861075806857,1.000195417364659,1.2664944865189236,7.49155097969044
726,363.0,5.198113985511879,0.9950752205301924,1.260011052433783,7.453200258475855
727,363.5,5.171503818826711,0.9899812349892073,1.2535608083214238,7.415045862137342
728,364.0,5.145029874812493,0.9849133265609434,1.2471435842758565,7.3770867856492925
729,364.5,5.1186914561186105,0.9798713617515378,1.240759211260872,7.33932202913102
730,365.0,5.0924878689643265,0.9748552077505084,1.2344075211055896,7.3017505978204245
731,365.5,5.0664184231205,0.9698647324272568,1.228088346500031,7.264371502047788
732,366.0,5.0404824318914105,0.9648998043275867,1.2218015209907085,7.227183757209706
733,366.5,5.014679212096667,0.9599602926702417,1.2155468789762451,7.190186383743153
734,367.0,4.9890080840532125,0.9550460673434605,1.2093242557030064,7.153378407099679
735,367.5,4.963468371557425,0.9501569989015491,1.2031334872607657,7.11675885771974
736,368.0,4.938059401867296,0.9452929585614719,1.196974410578386,7.080326771007154
737,368.5,4.91278050568472,0.9404538181994585,1.1908468634195217,7.0440811873037
738,369.0,4.887631017137856,0.9356394503476297,1.1847506843783495,7.008021151863836
739,369.5,4.862610273763597,0.9308497281906389,1.1786857128753112,6.972145714829547
740,370.0,4.83771761649011,0.9260845255623325,1.1726517891528883,6.936453931205331
741,370.5,4.8129523896194835,0.9213437169424262,1.1666487542713928,6.900944860833302
742,371.0,4.7883139408104505,0.9166271774531989,1.1606764501047788,6.865617568368428
743,371.5,4.763801621061207,0.9119347828562029,1.15473471933648,6.83047112325389
744,372.0,4.739414784692317,0.9072664095489914,1.1488234054552646,6.7955045996965735
745,372.5,4.715152789329705,0.9026219345618629,1.1429423527511129,6.760717076642681
746,373.0,4.691014995887736,0.8980012355546219,1.1370914063111126,6.72610763775347
747,373.5,4.667000768552375,0.8934041908133564,1.1312704120153843,6.691675371381116
748,374.0,4.64310947476445,0.888830679247232,1.125479216533017,6.657419370544699
749,374.5,4.619340485202979,0.8842805803853018,1.11971766731803,6.623338732906311
750,375.0,4.595693173768601,0.8797537743733337,1.113985612605357,6.589432560747292
751,375.5,4.572166917567078,0.8752501419706529,1.1082829014068474,6.555699960944578
752,376.0,4.548761096892891,0.8707695645470004,1.1026093835072865,6.522140044947178
753,376.5,4.525475095212916,0.8663119240794097,1.0969649094604421,6.488751928752768
754,377.0,4.502308299150182,0.8618771031490964,1.0913493305851272,6.455534732884406
755,377.5,4.4792600984677176,0.8574649849383662,1.0857624989612806,6.422487582367364
756,378.0,4.456329886052472,0.8530754532275376,1.0802042674260743,6.389609606706084
757,378.5,4.433517057899324,0.8487083923918806,1.0746744895700382,6.3568999398612425
758,379.0,4.410821013095177,0.8443636873985704,1.0691730197331966,6.324357720226944
759,379.5,4.388241153803124,0.8400412238036582,1.0636997130012396,6.2919820906080215
760,380.0,4.365776885246705,0.8357408877490559,1.0582544252016985,6.259772198197459
761,380.5,4.343427615694234,0.8314625659595379,1.0528370129001559,6.227727194553928
762,381.0,4.32119275644322,0.8272061457397565,1.0474473333964598,6.195846235579436
763,381.5,4.299071721804851,0.8229715149712734,1.0420852447209707,6.164128481497095
764,382.0,4.277063929088575,0.8187585621096068,1.036750605630818,6.132573096829
765,382.5,4.2551687985867455,0.814567176181293,1.0314432756061818,6.10117925037422
766,383.0,4.233385753559353,0.8103972467809634,1.0261631148465917,6.069946115186908
767,383.5,4.211714220218835,0.8062486640684356,1.0209099842672418,6.038872868554512
768,384.0,4.19015362771496,0.8021213187658215,1.0156837454953287,6.00795869197611
769,384.5,4.1687034081197885,0.7980151021546473,1.010484260866408,5.977202771140844
770,385.0,4.147362996412719,0.7939299060729907,1.0053113934207656,5.946604295906475
771,385.5,4.126131830465599,0.7898656229126317,1.0001650068998111,5.916162460278042
772,386.0,4.105009351027924,0.7858221456162175,0.9950449657424876,5.885876462386629
773,386.5,4.083995001712098,0.7817993676744435,0.9899511350817043,5.855745504468246
774,387.0,4.063088228978784,0.7777971831232466,0.9848833807407804,5.825768792842811
775,387.5,4.0422884821223235,0.7738154865410147,0.9798415692299114,5.79594553789325
776,388.0,4.021595213256227,0.7698541730458098,0.9748255677426533,5.7662749540446905
777,388.5,4.001007877298744,0.765913138292605,0.9698352441524245,5.736756259743774
778,389.0,3.980525931958504,0.7619922784705363,0.9648704670090263,5.707388677438066
779,389.5,3.960148837720232,0.7580914903001678,0.959931105535179,5.678171433555579
780,390.0,3.9398760578305403,0.7542106710307708,0.9550170296230764,5.6491037584843875
781,390.5,3.9197070582837847,0.7503497184376188,0.9501281098309596,5.620184886552363
782,391.0,3.8996413078080012,0.746508530819293,0.9452642173797096,5.591414056007004
783,391.5,3.8796782778509113,0.7426870069950045,0.9404252241494524,5.562790508995368
784,392.0,3.859817442566001,0.7388850463019282,0.9356110026761831,5.534313491544112
785,392.5,3.840058278798666,0.7351025485925524,0.9308214261484113,5.50598225353963
786,393.0,3.8204002660724345,0.73133941423204,0.9260563684038194,5.477796048708294
787,393.5,3.8008428865752557,0.727595544095604,0.9213157039259393,5.449754134596799
788,394.0,3.7813856251458597,0.7238708395658968,0.9165993078408465,5.421855772552603
789,394.5,3.762027969260189,0.7201652025304127,0.9119070559138714,5.394100227704473
790,395.0,3.742769409017897,0.7164785353789025,0.907238824546325,5.366486768943124
791,395.5,3.723609437128918,0.7128107410008034,0.902594490772244,5.3390146689019655
792,396.0,3.704547548900103,0.7091617227826811,0.897973932255154,5.311683203937938
793,396.5,3.685583242221927,0.7055313846056835,0.8933770272848419,5.284491654112452
794,397.0,3.6667160175552613,0.7019196308430107,0.8888036547741562,5.257439303172428
795,397.5,3.647945377918217,0.6983263663573945,0.8842536942558129,5.230525438531425
796,398.0,3.629270828873053,0.6947514964985936,0.8797270258792239,5.20374935125087
797,398.5,3.610691878513152,0.6911949271008992,0.8752235304073388,5.17711033602139
798,399.0,3.592208037450064,0.6876565644806563,0.8707430892135062,5.150607691144226
799,399.5,3.573818818800612,0.6841363154337939,0.8662855842783487,5.1242407185127545
800,400.0,3.555523738174073,0.6806340872333715,0.8618508981866523,5.098008723594097
801,400.5,3.537322313659414,0.6771497876271356,0.8574389141242732,5.071911015410823
802,401.0,3.519214065812599,0.6736833248350907,0.8530495158750636,5.045946906522754
803,401.5,3.5011985176439606,0.6702346075470809,0.8486825878178093,5.020115713008851
804,402.0,3.483275194605634,0.6668035449203846,0.8443380149231832,4.994416754449202
805,402.5,3.46544362457906,0.6633900465773225,0.8400156827507163,4.968849353907099
806,403.0,3.447703337862546,0.6599940226028758,0.8357154774457811,4.943412837911203
807,403.5,3.430053867158894,0.656615383542319,0.8314372857365975,4.9181065364378105
808,404.0,3.412494747563094,0.6532540403988623,0.8271809949312436,4.8929297828932
809,404.5,3.3950255165500733,0.6499099046313083,0.8229464929146907,4.867881914096072
810,405.0,3.3776457139625196,0.646582888151719,0.8187336681458477,4.842962270260086
811,405.5,3.3603548819987537,0.6432729033230964,0.8145424096546243,4.818170194976474
812,406.0,3.3431525652006733,0.6399798629570733,0.8103726070390097,4.793505035196756
813,406.5,3.326038310441756,0.6367036803116168,0.8062241504621614,4.768966141215534
814,407.0,3.309011666915123,0.6334442690887435,0.8020969306495142,4.744552866653381
815,407.5,3.2920721861216657,0.6302015434322462,0.7979908388858982,4.72026456843981
816,408.0,3.2752194218582287,0.626975417925433,0.7939057670126808,4.6961006067963424
817,408.5,3.2584529302058587,0.6237658075888761,0.7898416074249137,4.6720603452196485
818,409.0,3.241772269518112,0.6205726278781747,0.785798253068499,4.648143150464786
819,409.5,3.225177000409418,0.6173957946817272,0.7817755974373708,4.624348392528516
820,410.0,3.2086666857435078,0.6142352243185158,0.7777735345706873,4.600675444632711
821,410.5,3.1922408906218998,0.6110908335359023,0.7737919590500423,4.577123683207844
822,411.0,3.1758991823724427,0.607962539507435,0.7698307659966853,4.553692487876563
823,411.5,3.1596411305379175,0.6048502598306671,0.765889851068764,4.5303812414373485
824,412.0,3.1434663068647026,0.6017539125249862,0.7619691104585686,4.5071893298482575
825,412.5,3.127374285291489,0.5986734160294548,0.7580684408898043,4.484116142210748
826,413.0,3.11136464193806,0.5956086892006617,0.7541877396148676,4.461161070753589
827,413.5,3.095436955094125,0.5925596513105849,0.750326904412139,4.438323510816849
828,414.0,3.0795908052082113,0.5895262220444647,0.7464858335832917,4.415602860835968
829,414.5,3.0638257748766127,0.5865083214986889,0.7426644259506129,4.3929985223259145
830,415.0,3.0481414488323937,0.5835058701786874,0.7388625808543386,4.37050989986542
831,415.5,3.0325374139344525,0.5805187889968383,0.7350801981500029,4.348136401081294
832,416.0,3.0170132591566388,0.5775469992703848,0.7313171782057963,4.32587743663282
833,416.5,3.0015685755769237,0.5745904227193628,0.727573421899947,4.3037324201962335
834,417.0,2.986202956366632,0.5716489814645385,0.7238488306181059,4.2817007684492765
835,417.5,2.9709159967797247,0.5687225980253572,0.7201433062507492,4.259781901055831
836,418.0,2.9557072941421363,0.5658111953179026,0.7164567511905962,4.237975240650635
837,418.5,2.940576447841169,0.5629146966528659,0.7127890683300365,4.2162802128240715
838,419.0,2.92552305931494,0.560033025733526,0.709140161058573,4.194696246107039
839,419.5,2.910546732041884,0.5571661066537398,0.7055099332602771,4.173222771955901
840,420.0,2.8956470715303064,0.5543138638959423,0.7018982893112563,4.151859224737505
841,420.5,2.8808236853079947,0.5514762223291579,0.6983051340771337,4.130605041714286
842,421.0,2.8660761829118773,0.5486531072070218,0.6947303729105467,4.109459663029446
843,421.5,2.8514041758777404,0.5458444441658096,0.6911739116486492,4.088422531692199
844,422.0,2.836807277729994,0.5430501592224802,0.6876356566106349,4.067493093563109
845,422.5,2.8222851039714936,0.540270178772726,0.6841155145952662,4.046670797339486
846,423.0,2.8078372720734106,0.5375044295890339,0.6806133928784228,4.025955094540867
847,423.5,2.7934634014651567,0.5347528388187572,0.6771291992106558,4.00534543949457
848,424.0,2.7791631135243593,0.5320153339821961,0.6736628418147598,3.984841289321315
849,424.5,2.7649360315668883,0.5292918429706888,0.6702142293833548,3.964442103920932
850,425.0,2.7507817808369333,0.5265822940447117,0.6667832710764817,3.9441473459581267
851,425.5,2.736699988497132,0.5238866158319901,0.6633698765192093,3.9239564808483314
852,426.0,2.7226902836187503,0.5212047373256179,0.659973955799253,3.903868976743621
853,426.5,2.708752297171912,0.5185365878821869,0.6565954194646061,3.883884304518705
854,427.0,2.6948856620158765,0.5158820972199271,0.6532341785211854,3.864001937756989
855,427.5,2.681090012889369,0.5132411954168541,0.6498901444304854,3.8442213527367084
856,428.0,2.6673649864009588,0.5106138129089284,0.6465632291072461,3.824542028417133
857,428.5,2.653710221019487,0.5079998804882221,0.6432533449171342,3.804963446424843
858,429.0,2.6401253570645444,0.5053993293010964,0.6399604046744333,3.785485091040074
859,429.5,2.626610036696996,0.502812090846388,0.6366843216397478,3.7661064491831318
860,430.0,2.6131639039095553,0.500238096973604,0.6334250095177187,3.746827010400878
861,430.5,2.599786604517408,0.49767727988112764,0.6301823824547491,3.727646266853285
862,431.0,2.5864777861488806,0.49512957211443204,0.6269563550367445,3.708563713300057
863,431.5,2.5732370982361603,0.49259490656430294,0.6237468422868602,3.6895788470873234
864,432.0,2.5600641920060596,0.4900732164650715,0.6205537596632656,3.6706911681343968
865,432.5,2.5469587204708284,0.48756443539285566,0.6173770230569173,3.6519001789206014
866,433.0,2.533920338419016,0.4850684972638101,0.6142165487893411,3.6332053844721672
867,433.5,2.5209487024063773,0.48258533633238554,0.6110722536104303,3.614606292349193
868,434.0,2.5080434707468244,0.48011488718959733,0.6079440546962513,3.596102412632673
869,434.5,2.4952043035034284,0.47765708476130225,0.6048318696468638,3.5776932579115943
870,435.0,2.482430862479465,0.4752118643064841,0.6017356164841464,3.5593783432700956
871,435.5,2.4697228112095044,0.47277916141554893,0.5986552136496424,3.541157186274696
872,436.0,2.4570798149505495,0.47035891200862817,0.595590580002407,3.523029306961585
873,436.5,2.4445015406732185,0.4679510523338905,0.5925416348168737,3.5049942278239827
874,437.0,2.431987657052973,0.46555551896586284,0.5895082977807244,3.48705147379956
875,437.5,2.4195378344613894,0.4631722488037596,0.5864904889927759,3.469200572257925
876,438.0,2.407151744957477,0.4608011790698206,0.5834881289608755,3.451441052988173
877,438.5,2.3948290622790385,0.4584422473076572,0.5805011385998058,3.4337724481865015
878,439.0,2.382569461834079,0.4560953913806072,0.5775294392292023,3.4161942924438886
879,439.5,2.370372620692252,0.45376054947009825,0.5745729525714811,3.3987061227338313
880,440.0,2.358238217576355,0.4514376600740197,0.5716316007497761,3.381307478400151
881,440.5,2.3461659328538684,0.4491266620051019,0.5687053062858883,3.3639979011448586
882,441.0,2.3341554485285316,0.4468274943893051,0.5657939920982449,3.3467769350160816
883,441.5,2.322206448231971,0.44454009666421557,0.5628975814998692,3.329644126396056
884,442.0,2.3103186172153642,0.44226440857745064,0.5600159981963598,3.3125990239891747
885,442.5,2.2984916423411503,0.44000037018507127,0.5571491662838814,3.295641178810103
886,443.0,2.286725212074781,0.43774792185000316,0.5542970102471652,3.2787701441719492
887,443.5,2.2750190164765147,0.435507004240466,0.5514594549575196,3.2619854756745004
888,444.0,2.263372747193251,0.43327755832841075,0.5486364256708531,3.245286731192515
889,444.5,2.251786097450412,0.4310595253879641,0.5458278480257022,3.228673470864078
890,445.0,2.2402587620438568,0.4288528469938824,0.5430336480412741,3.212145257079013
891,445.5,2.2287904373318455,0.426657465020012,0.5402537521155003,3.1957016544673578
892,446.0,2.21738082122704,0.42447332163775864,0.5374880870230937,3.1793422298878924
893,446.5,2.2060296131885466,0.4223003593145641,0.5347365799136227,3.1630665524167334
894,447.0,2.194736514213999,0.42013852081239045,0.5319991583095909,3.1468741933359805
895,447.5,2.1835012268316834,0.41798774918621245,0.5292757501045295,3.1307647261224254
896,448.0,2.1723234550927013,0.4158479877825178,0.5265662835610958,3.114737726436315
897,448.5,2.1612029045631758,0.4137191802378146,0.523870687309185,3.0987927721101753
898,449.0,2.150139282316494,0.4116012704771468,0.5211888903440498,3.0829294431376906
899,449.5,2.139132296925592,0.40949420271261694,0.5185208220244308,3.06714732166264
900,450.0,2.128181658455279,0.4073979214419169,0.5158664120706945,3.0514459919678902
901,450.5,2.117287078454599,0.4053123714468655,0.5132255905629816,3.035825040464446
902,451.0,2.106448269949232,0.4032374977919546,0.5105982879393687,3.0202840556805555
903,451.5,2.095664947433938,0.4011732458229017,0.5079844349940318,3.0048226282508717
904,452.0,2.0849368268650332,0.3991195611652101,0.5053839628754253,2.9894403509056686
905,452.5,2.0742636256529092,0.3970763897227369,0.5027968030844687,2.974136818460115
906,453.0,2.0636450626545897,0.39504367767626825,0.500222887472741,2.958911627803599
907,453.5,2.053080858166324,0.39302137148210115,0.49766214824068733,2.9437643778891123
908,454.0,2.0425707339162193,0.3910094178706333,0.4951145179358319,2.9286946697226846
909,454.5,2.0321144130569135,0.38900776384496005,0.4925799294510007,2.9137021063528743
910,455.0,2.0217116201582788,0.38701635667947837,0.49005831602255473,2.898786292860312
911,455.5,2.0113620812001685,0.3850351439184979,0.48754961122863116,2.8839468363472975
912,456.0,2.001065523565199,0.3830640733748592,0.48505374898739445,2.8691833459274525
913,456.5,1.9908216760315687,0.3811030931285592,0.48257066355529427,2.854495432715422
914,457.0,1.9806302687659139,0.3791521515253837,0.4801002895253344,2.839882709816632
915,457.5,1.9704910333162005,0.3772111971755462,0.4776425618253505,2.825344792317097
916,458.0,1.9604037026046535,0.3752801789523348,0.4751974157162948,2.810881297273283
917,458.5,1.9503680109207213,0.37335904599076536,0.4727647867905314,2.796491843702018
918,459.0,1.940383693914077,0.37144774768624156,0.47034461097014024,2.782176052570459
919,459.5,1.9304504885876548,0.369546233693222,0.4679368245052283,2.767933546786105
920,460.0,1.9205681332907225,0.36765445392389373,0.46554136397225054,2.753763951186867
921,460.5,1.9107363677119893,0.3657723585468536,0.46315816627234,2.739666892531183
922,461.0,1.9009549328727489,0.36389989798579486,0.4607871686296458,2.7256419994881895
923,461.5,1.891223571120058,0.36203702291820167,0.45842830858967815,2.711688902627938
924,462.0,1.8815420261199498,0.36018368427404984,0.45608152401766383,2.6978072344116635
925,462.5,1.8719100428506812,0.35833983323451424,0.45374675309691015,2.6839966291821056
926,463.0,1.862327367596015,0.356505421230683,0.45142393432717626,2.6702567231538743
927,463.5,1.8527937479385381,0.35468039994227807,0.4491130065230531,2.6565871544038693
928,464.0,1.8433089327530112,0.35286472129638224,0.4468139088123515,2.642987562861745
929,464.5,1.8338726721997543,0.3510583374661732,0.4445265806344997,2.629457590300427
930,465.0,1.8244847177180663,0.3492612008696633,0.44225096173894596,2.6159968803266755
931,465.5,1.8151448220196769,0.3474732641684467,0.4399869921835745,2.602605078371698
932,466.0,1.8058527390822328,0.345694480266452,0.43773461233312416,2.589281831681809
933,466.5,1.7966082241428176,0.3439248023087019,0.43549376285761865,2.576026789309138
934,467.0,1.7874110336915048,0.34216418368007884,0.4332643847308033,2.562839602102387
935,467.5,1.7782609254649424,0.3404125780040973,0.43104641922859066,2.5497199226976304
936,468.0,1.7691576584399724,0.3386699391416821,0.4288398079275135,2.536667405509168
937,468.5,1.7601009928272817,0.336936221189953,0.42664449270318555,2.5236817067204202
938,469.0,1.7510906900650862,0.3352113784810155,0.42446041572877063,2.5107624842748724
939,469.5,1.7421265128128456,0.33349536558075843,0.42228751947345966,2.4979093978670637
940,470.0,1.7332082249450131,0.3317881372876564,0.42012574670095487,2.4851221089336244
941,470.5,1.7243355915448146,0.3300896486315795,0.41797504046796286,2.472400280644357
942,471.0,1.7155083788980612,0.32839985487260903,0.41583534412269363,2.459743577893364
943,471.5,1.7067263544869928,0.3267187114998585,0.41370660130336895,2.4471516672902203
944,472.0,1.6979892869841537,0.32504617423030135,0.4115887559367378,2.434624217151193
945,472.5,1.6892969462462988,0.3233821990076047,0.4094817522365988,2.4221608974905022
946,473.0,1.680649103308331,0.32172674200096857,0.40738553470233146,2.409761380011631
947,473.5,1.6720455303772712,0.32007975960397156,0.40530004811743353,2.3974253380986763
948,474.0,1.6634860008262569,0.31844120843342205,0.40322523754806716,2.385152446807746
949,474.5,1.6549702891885731,0.31681104532821547,0.40116104834161115,2.3729423828583998
950,475.0,1.646498171151713,0.3151892273481975,0.3991074261252228,2.3607948246251333
951,475.5,1.6380694235514703,0.3135757117730327,0.39706431680440324,2.3487094521289062
952,476.0,1.6296838243660594,0.31197045610107976,0.39503166656157507,2.3366859470287142
953,476.5,1.6213411527102677,0.3103734180482715,0.39300942185466364,2.324723992613203
954,477.0,1.6130411888296379,0.308784555547001,0.3909975294156862,2.312823273792325
955,477.5,1.604783714094679,0.3072038267450138,0.3889959362493497,2.3009834770890425
956,478.0,1.5965685109951073,0.3056311900043053,0.3870045896316535,2.289204290631066
957,478.5,1.5883953631341168,0.30406660390002416,0.3850234371085024,2.2774854041426433
958,479.0,1.580264055222679,0.302510027219381,0.38305242649432386,2.265826508936384
959,479.5,1.5721743730738726,0.3009614189605626,0.3810915058706935,2.2542272979051288
960,480.0,1.5641261035972414,0.2994207383316524,0.37914062358496714,2.242687465513861
961,480.5,1.5561190347931804,0.2978879447495553,0.3771997282489214,2.231206707791657
962,481.0,1.5481529557473528,0.29636299783892933,0.3752687687373985,2.2197847223236806
963,481.5,1.5402276566251336,0.2948458574311217,0.3733476941869607,2.208421208243216
964,482.0,1.5323429286660821,0.2933364835631109,0.371436453994551,2.197115866223744
965,482.5,1.524498564178444,0.29183483647645375,0.369534997816158,2.185868398471056
966,483.0,1.5166943565336797,0.29034087661623864,0.36764327556549203,2.1746785087154104
967,483.5,1.5089301001610214,0.2888545646300433,0.3657612374126645,2.163545902203729
968,484.0,1.5012055905420583,0.2873758613668981,0.3638888337828766,2.152470285691833
969,484.5,1.4935206242053503,0.28590472787625487,0.3620260153551115,2.1414513674367166
970,485.0,1.4858749987210664,0.2844411254069613,0.36017273306083764,2.1304888571888654
971,485.5,1.478268512695655,0.28298501540623944,0.3583289380827137,2.119582466184608
972,486.0,1.4707009657665366,0.28153635951867073,0.35649458185330507,2.1087319071385124
973,486.5,1.4631721585968278,0.2800951195851856,0.354669616053802,2.0979368942358154
974,487.0,1.455681892870089,0.27866125764205824,0.35285399261275024,2.0871971431248975
975,487.5,1.4482299712851028,0.2772347359199064,0.3510476637047801,2.0765123709097892
976,488.0,1.4408161975506741,0.275815516842697,0.34925058174935186,2.065882296142723
977,488.5,1.433440376380462,0.2744035630267559,0.3474626994094984,2.0553066388167163
978,489.0,1.426102313487834,0.2729988372797834,0.3456839695905804,2.0447851203581977
979,489.5,1.4188018155807496,0.2716013025998745,0.343914345439045,2.034317463619669
980,490.0,1.411538690356668,0.2702109221745441,0.3421537803411916,2.0239033928724037
981,490.5,1.4043127464974825,0.2688276593797577,0.3404022279219455,2.0135426337991857
982,491.0,1.3971237936644818,0.26745147777896616,0.3386596420436344,2.0032349134870824
983,491.5,1.3899716424933362,0.2660823411221461,0.3369259768047731,1.9929799604202554
984,492.0,1.3828561045891083,0.2647202133448455,0.3352011865388561,1.98277750447281
985,492.5,1.3757769925212926,0.2633650585672332,0.33348522581315326,1.972627276901679
986,493.0,1.368734119818876,0.2620168410931539,0.3317780494275135,1.9625290103395434
987,493.5,1.3617273009654278,0.26067552540918787,0.33007961241317446,1.9524824387877902
988,494.0,1.3547563513942118,0.2593410761837157,0.3283898700315778,1.9424872976095053
989,494.5,1.347821087483326,0.25801345826598737,0.3267087777731899,1.9325433235225034
990,495.0,1.3409213265508644,0.25669263668519654,0.32503629135633133,1.9226502545923922
991,495.5,1.334056886850106,0.2553785766495592,0.3233723667260079,1.912807830225673
992,496.0,1.3272275875647261,0.25407124354539745,0.32171696005275285,1.9030157911628764
993,496.5,1.3204332488040353,0.25277060293622744,0.32007002773147064,1.8932738794717334
994,497.0,1.3136736915982397,0.2514766205618526,0.3184315263802884,1.8835818385403806
995,497.5,1.3069487378937266,0.25018926233746097,0.31680141283941377,1.8739394130706013
996,498.0,1.3002582105483749,0.24890849435272744,0.3151796441699982,1.8643463490711005
997,498.5,1.2936019333268887,0.2476342828709205,0.3135661776530053,1.8548023938508145
998,499.0,1.2869797308961555,0.24636659432801364,0.3119609707880858,1.845307296012255
999,499.5,1.2803914288206273,0.24510539533180112,0.31036398129245824,1.8358608054448866
1000,500.0,1.2738368535577258,0.24385065266101855,0.3087751670997946,1.826462673318539
1001,500.5,1.2673158324532716,0.24260233326446765,0.30719448635911284,1.8171126520768521
1002,501.0,1.2608281937369357,0.2413604042601458,0.3056218974336746,1.8078104954307561
1003,501.5,1.2543737665177148,0.24012483293437975,0.3040573588998882,1.7985559583519828
1004,502.0,1.247952380779431,0.23889558674096392,0.30250082954621704,1.789348797066612
1005,502.5,1.2415638673762521,0.23767263330030325,0.3009522683720946,1.78018876904865
1006,503.0,1.235208058028237,0.2364559403985601,0.2994116345868444,1.7710756330136415
1007,503.5,1.2288847853169023,0.23524547598680584,0.2978788876086054,1.7620091489123135
1008,504.0,1.2225938826808127,0.23404120818017668,0.2963539870632633,1.7529890779242527
1009,504.5,1.216335184411194,0.23284310525703358,0.29483689278338654,1.7440151824516141
1010,505.0,1.2101085256475674,0.23165113565812687,0.2933275648071686,1.735087226112863
1011,505.5,1.2039137423734076,0.23046526798576483,0.2918259633773752,1.7262049737365477
1012,506.0,1.1977506714118218,0.2292854710029868,0.2903320489402974,1.717368191355106
1013,506.5,1.1916191504212519,0.22811171363274016,0.28884578214470924,1.7085766461987013
1014,507.0,1.1855190178911978,0.22694396495706184,0.2873671238408321,1.6998301066890917
1015,507.5,1.1794501131379644,0.22578219421626383,0.2858960350793012,1.6911283424335295
1016,508.0,1.1734122763004269,0.2246263708081232,0.2844324771101431,1.6824711242186932
1017,508.5,1.1674053483358215,0.2234764642870756,0.28297641138175156,1.6738582240046487
1018,509.0,1.1614291710155555,0.2223324443634137,0.2815277995398745,1.6652894149188437
1019,509.5,1.1554835869210394,0.22119428090248897,0.2800866034266025,1.6567644712501308
1020,510.0,1.1495684394395402,0.22006194392391812,0.278652785079364,1.6482831684428223
1021,510.5,1.143683572760057,0.21893540360079333,0.277226306729925,1.6398452830907753
1022,511.0,1.137828831869215,0.2178146302588967,0.27580713080339503,1.6314505929315066
1023,511.5,1.1320040625471839,0.2166995943759183,0.27439521991723653,1.6230988768403387
1024,512.0,1.126209111363615,0.21559026658067876,0.2729905368802806,1.6147899148245743
1025,512.5,1.1204438256735993,0.21448661765235566,0.2715930446917474,1.6065234880177024
1026,513.0,1.1147080536136476,0.21338861851971352,0.2702027065402713,1.5982993786736324
1027,513.5,1.1090016440976895,0.21229624026033828,0.26881948580293075,1.5901173701609586
1028,514.0,1.1033244468130943,0.21120945409987552,0.2674433460442844,1.5819772469572542
1029,514.5,1.0976763122167101,0.2101282314112723,0.26607425101541166,1.573878794643394
1030,515.0,1.0920570915309267,0.20905254371402318,0.2647121646529569,1.5658217998979067
1031,515.5,1.0864666367397555,0.2079823626734201,0.2633570510781795,1.5578060504913551
1032,516.0,1.0809048005849307,0.2069176600998058,0.26200887459600997,1.5498313352807465
1033,516.5,1.0753714365620308,0.20585840794783153,0.260667599694108,1.5418974442039703
1034,517.0,1.069866398916619,0.20480457831571813,0.25933319104192837,1.5340041682742656
1035,517.5,1.064389542640404,0.20375614344452123,0.2580056134897899,1.526151299574715
1036,518.0,1.0589407234674204,0.2027130757173998,0.25668483206794956,1.5183386312527698
1037,518.5,1.053519797870229,0.20167534765888895,0.2553708119856809,1.510565957514799
1038,519.0,1.048126623056135,0.20064293193417612,0.25406351863035914,1.5028330736206703
1039,519.5,1.0427610569634285,0.19961580134838086,0.2527629175665469,1.4951397758783562
1040,520.0,1.0374229582576406,0.1985939288458388,0.2514689745350892,1.4874858616385687
1041,520.5,1.0321121863278215,0.1975772875093888,0.25018165545221077,1.479871129289421
1042,521.0,1.0268286012828367,0.19656585055966394,0.24890092640861725,1.472295378251118
1043,521.5,1.0215720639476817,0.19555959135438616,0.24762675366860276,1.4647584089706707
1044,522.0,1.016342435859816,0.19455848338766443,0.24635910366916183,1.4572600229166424
1045,522.5,1.0111395792655167,0.19356250028929659,0.24509794301910368,1.449800022573917
1046,523.0,1.0059633571162487,0.19257161582407473,0.24384323849817385,1.4423782114384973
1047,523.5,1.0008136330650554,0.19158580389109414,0.24259495705617906,1.4349943940123286
1048,524.0,0.9956902714629671,0.19060503852306576,0.24135306581211646,1.4276483757981493
1049,524.5,0.9905931373554276,0.18962929388563218,0.24011753205330758,1.4203399632943674
1050,525.0,0.9855220964787401,0.18865854427668713,0.23888832323453615,1.4130689639899634
1051,525.5,0.9804770152565294,0.18769276412569846,0.23766540697719196,1.4058351863594198
1052,526.0,0.9754577607962248,0.18673192799303465,0.23644875106841642,1.3986384398576759
1053,526.5,0.970464200885558,0.18577601056929463,0.2352383234602556,1.3914785349151082
1054,527.0,0.9654962039890815,0.1848249866746411,0.234034092268815,1.3843552829325376
1055,527.5,0.9605536392447039,0.18387883125813728,0.23283602577342014,1.3772684962762614
1056,528.0,0.9556363764602424,0.18293751939708713,0.23164409241578077,1.3702179882731103
1057,528.5,0.9507442861099932,0.18200102629637874,0.23045826079915996,1.3632035732055319
1058,529.0,0.9458772393313205,0.18106932728783123,0.22927849968754685,1.3562250663066986
1059,529.5,0.9410351079212615,0.180142397829545,0.22810477800483342,1.34928228375564
1060,530.0,0.9362177643331496,0.17922021350525527,0.2269370648339968,1.3423750426724017
1061,530.5,0.9314250816732544,0.17830275002368895,0.22577532941628436,1.3355031611132278
1062,531.0,0.9266569336974398,0.17738998321792465,0.2246195411504034,1.3286664580657679
1063,531.5,0.921913194807838,0.1764818890447563,0.22346966959171527,1.3218647534443095
1064,532.0,0.9171937400495411,0.1755784435840597,0.22232568445143389,1.3150978680850347
1065,532.5,0.9124984451073106,0.17467962303816237,0.22118755559582653,1.3083656237412995
1066,533.0,0.9078271863023015,0.17378540373121693,0.22005525304542167,1.3016678430789401
1067,533.5,0.9031798405888054,0.1728957621085772,0.21892874697421844,1.295004349671601
1068,534.0,0.8985562855510091,0.17201067473617793,0.21780800770890107,1.288374967996088
1069,534.5,0.8939563993997699,0.17113011829991742,0.21669300572805716,1.2817795234277445
1070,535.0,0.8893800609694077,0.1702540696050435,0.21558371166140036,1.2752178422358516
1071,535.5,0.8848271497145132,0.16938250557554244,0.2144800962889967,1.2686897515790523
1072,536.0,0.8802975457067728,0.1685154032535311,0.2133821305404947,1.2621950795007986
1073,536.5,0.8757911296318095,0.16765273979865242,0.21228978549435978,1.2557336549248217
1074,537.0,0.8713077827860402,0.1667944924874734,0.2112030323771122,1.2493053076506258
1075,537.5,0.8668473870735484,0.165940638712887,0.21012184256256938,1.2429098683490047
1076,538.0,0.862409825002974,0.16509115598351615,0.20904618757109178,1.236547168557582
1077,538.5,0.8579949796844183,0.1642460219231218,0.20797603906883297,1.230217040676373
1078,539.0,0.8536027348263647,0.16340521427001306,0.20691136886699293,1.2239193179633707
1079,539.5,0.8492329747326163,0.16256871087646105,0.2058521489210753,1.2176538345301526
1080,540.0,0.8448855842992471,0.16173648970811558,0.2047983513301496,1.2114204253375123
1081,540.5,0.8405604490115712,0.16090852884342452,0.20374994833611507,1.2052189261911108
1082,541.0,0.8362574549411256,0.16008480647305653,0.20270691232297058,1.1990491737371527
1083,541.5,0.8319764887426695,0.15926530089932653,0.20166921581608668,1.1929110054580827
1084,542.0,0.8277174376511987,0.15844999053562406,0.20063683148148168,1.1868042596683044
1085,542.5,0.823480189478975,0.15763885390584487,0.19960973212510236,1.1807287755099223
1086,543.0,0.819264632612572,0.15683186964382498,0.1985878906921066,1.1746843929485036
1087,543.5,0.8150706560099336,0.15602901649277812,0.19757128026615178,1.1686709527688635
1088,544.0,0.8108981491974501,0.15523027330473566,0.1965598740686852,1.162688296570871
1089,544.5,0.8067470022670478,0.1544356190399895,0.1955536454582388,1.156736266765276
1090,545.0,0.802617105873294,0.15364503276653813,0.19455256792972758,1.1508147065695598
1091,545.5,0.7985083512305171,0.15285849365953483,0.19355661511375102,1.144923460003803
1092,546.0,0.7944206301099402,0.1520759810007395,0.19256576077589893,1.1390623718865787
1093,546.5,0.7903538348368311,0.15129747417797276,0.1915799788160603,1.1332312878308641
1094,547.0,0.7863078582876657,0.150522952684573,0.1905992432677353,1.127430054239974
1095,547.5,0.7822825938873061,0.14975239611885624,0.1896235282973522,1.1216585183035146
1096,548.0,0.7782779356061935,0.1489857841835788,0.18865280820358618,1.1159165279933585
1097,548.5,0.7742937779575554,0.14822309668540246,0.18768705741668257,1.1102039320596404
1098,549.0,0.7703300159946267,0.14746431353436273,0.18672625049778335,1.1045205800267728
1099,549.5,0.7663865453078854,0.14670941474333962,0.18577036213825684,1.0988663221894819
1100,550.0,0.7624632620223025,0.14595838042753106,0.18481936715903136,1.093241009608865
1101,550.5,0.7585600627946054,0.14521119080392927,0.18387324050993195,1.0876444941084666
1102,551.0,0.7546768448105563,0.1444678261907995,0.18293195726902017,1.082076628270376
1103,551.5,0.7508135057822435,0.14372826700716174,0.1819954926419382,1.0765372654313434
1104,552.0,0.7469699439453874,0.1429924937722748,0.18106382196125487,1.071026259678917
1105,552.5,0.7431460580566596,0.14226048710512326,0.1801369206858169,1.0655434658475997
1106,553.0,0.7393417473910161,0.14153222772390697,0.17921476440010184,1.060088739515025
1107,553.5,0.7355569117390443,0.14080769644553304,0.17829732881357518,1.0546619369981525
1108,554.0,0.731791451404323,0.1400868741851106,0.17738458976005053,1.0492629153494841
1109,554.5,0.7280452672007972,0.13936974195544807,0.17647652319705273,1.043891532353298
1110,555.0,0.7243182604501643,0.1386562808665531,0.17557310520518468,1.0385476465219021
1111,555.5,0.7206103329792757,0.13794647212513486,0.17467431198749764,1.0332311170919082
1112,556.0,0.7169213871175499,0.13724029703410914,0.17378011986886374,1.0279418040205228
1113,556.5,0.7132513256944005,0.13653773699210575,0.17289050529535338,1.0226795679818597
1114,557.0,0.7096000520366766,0.13583877349297852,0.17200544483361374,1.017444270363269
1115,557.5,0.705967469966116,0.1351433881253179,0.17112491517025208,1.012235773261686
1116,558.0,0.7023534837968122,0.13445156257196594,0.170248893111221,1.007053939479999
1117,558.5,0.698757998332693,0.13376327860953394,0.16937735558120884,1.0018986325234358
1118,559.0,0.6951809188650143,0.13307851810792215,0.16851027962303033,0.9967697165959668
1119,559.5,0.6916221511698644,0.13239726302984245,0.1676476423970228,0.9916670565967296
1120,560.0,0.6880816015056822,0.13171949543034311,0.16678942118044415,0.9865905181164695
1121,560.5,0.6845591766107882,0.13104519745633617,0.16593559336687466,0.9815399674339991
1122,561.0,0.6810547837009278,0.13037435134612713,0.16508613646562115,0.976515271512676
1123,561.5,0.6775683304668269,0.12970693942894704,0.16424102810112498,0.9715162979968989
1124,562.0,0.674099725071761,0.12904294412448714,0.16340024601237202,0.9665429152086201
1125,562.5,0.6706488761491358,0.12838234794243567,0.16256376805230696,0.9615949921438784
1126,563.0,0.6672156928000808,0.12772513348201725,0.16173157218724937,0.9566723984693474
1127,563.5,0.6638000845910541,0.12707128343153454,0.16090363649631376,0.9517750045189024
1128,564.0,0.6604019615514614,0.12642078056791206,0.16007993917083174,0.9469026812902052
1129,564.5,0.6570212341712851,0.12577360775624274,0.15926045851377807,0.9420553004413059
1130,565.0,0.6536578133987274,0.12512974794933643,0.15844517293919855,0.9372327342872624
1131,565.5,0.6503116106378639,0.12448918418727087,0.15763406097164187,0.9324348557967767
1132,566.0,0.6469825377463102,0.12385189959694501,0.15682710124559382,0.927661538588849
1133,566.5,0.6436705070329001,0.12321787739163452,0.15602427250491419,0.9229126569294488
1134,567.0,0.6403754312553754,0.1225871008705496,0.15522555360227763,0.9181880857282027
1135,567.5,0.6370972236180886,0.12195955341839507,0.15443092349861562,0.9134877005350993
1136,568.0,0.6338357977697161,0.12133521850493267,0.15364036126256297,0.9088113775372118
1137,568.5,0.6305910678009834,0.12071407968454576,0.15285384606990635,0.9041589935554355
1138,569.0,0.6273629482424027,0.12009612059580596,0.15207135720303547,0.8995304260412441
1139,569.5,0.6241513540620214,0.11948132496104233,0.1512928740503975,0.8949255530734612
1140,570.0,0.6209562006631818,0.11886967658591248,0.15051837610595448,0.8903442533550487
1141,570.5,0.6177774038822934,0.11826115935897605,0.14974784296864277,0.8857864062099122
1142,571.0,0.6146148799866156,0.1176557572512703,0.14898125434183573,0.8812518915797216
1143,571.5,0.6114685456720521,0.11705345431588791,0.14821859003280907,0.8767405900207491
1144,572.0,0.6083383180609566,0.11645423468755695,0.14745982995220935,0.8722523827007229
1145,572.5,0.6052241146999499,0.11585808258222285,0.14670495411352413,0.8677871513956968
1146,573.0,0.6021258535577476,0.11526498229663276,0.14595394263255598,0.8633447784869364
1147,573.5,0.599043453023,0.11467491820792186,0.14520677572689844,0.8589251469578203
1148,574.0,0.5959768319021415,0.11408787477320187,0.1444634337154153,0.8545281403907586
1149,574.5,0.5929259094172523,0.11350383652915162,0.14372389701772192,0.8501536429641259
1150,575.0,0.589890605203931,0.11292278809160963,0.14298814615366948,0.8458015394492101
1151,575.5,0.5868708393091772,0.11234471415516906,0.14225616174283168,0.8414717152071779
1152,576.0,0.5838665321892853,0.11176959949277439,0.14152792450399482,0.8371640561860545
1153,576.5,0.5808776047077502,0.11119742895532042,0.14080341525464896,0.8328784489177196
1154,577.0,0.5779039781331816,0.11062818747125319,0.14008261491048363,0.8286147805149184
1155,577.5,0.5749455741372308,0.11006186004617302,0.13936550448488472,0.8243729386682885
1156,578.0,0.5720023147925273,0.10949843176243947,0.13865206508843408,0.8201528116434008
1157,578.5,0.5690741225706261,0.1089378877787784,0.13794227792841235,0.8159542882778168
1158,579.0,0.5661609203399657,0.10838021332989112,0.13723612430830356,0.8117772579781604
1159,579.5,0.5632626313638359,0.1078253937260654,0.1365335856273033,0.8076216107172046
1160,580.0,0.5603791792983571,0.10727341435278853,0.13583464337982804,0.8034872370309737
1161,580.5,0.5575104881904689,0.10672426067036235,0.1351392791550281,0.7993740280158593
1162,581.0,0.5546564824759296,0.10617791821352025,0.1344474746363022,0.795281875325752
1163,581.5,0.5518170869773255,0.10563437259104624,0.13375921160081583,0.7912106711691875
1164,582.0,0.5489922269020908,0.10509360948539571,0.13307447191902078,0.7871603083065073
1165,582.5,0.5461818278405381,0.10455561465231838,0.13239323755417692,0.7831306800470335
1166,583.0,0.5433858157638973,0.10402037392048313,0.13171549056187837,0.7791216802462588
1167,583.5,0.5406041170223662,0.10348787319110464,0.13104121308957983,0.7751332033030507
1168,584.0,0.5378366583431704,0.10295809843757205,0.130370387376127,0.7711651441568694
1169,584.5,0.5350833668286334,0.10243103570507947,0.129702995751288,0.7672173982850009
1170,585.0,0.532344169954256,0.1019066711102584,0.12903902063528883,0.7632898616998033
1171,585.5,0.5296189955668065,0.10138499084081204,0.1283784445383494,0.7593824309459679
1172,586.0,0.5269077718824193,0.10086598115515147,0.12772125006022325,0.755495003097794
1173,586.5,0.5242104274847048,0.10034962838203364,0.12706741988973957,0.751627475756478
1174,587.0,0.5215268913228678,0.09983591892020127,0.12641693680434662,0.7477797470474157
1175,587.5,0.5188570927098363,0.0993248392380246,0.12576978366965819,0.743951715617519
1176,588.0,0.516200961320399,0.09881637587314492,0.12512594343900235,0.7401432806325463
1177,588.5,0.5135584271893536,0.09831051543212004,0.12448539915297259,0.7363543417744463
1178,589.0,0.5109294207096629,0.09780724459007137,0.12384813393898089,0.7325847992387151
1179,589.5,0.508313872630622,0.09730655009033301,0.1232141310108133,0.7288345537317683
1180,590.0,0.5057117140560342,0.09680841874410254,0.1225833736681878,0.7251035064683246
1181,590.5,0.5031228764423956,0.09631283743009361,0.12195584529631448,0.7213915591688037
1182,591.0,0.5005472915970903,0.09581979309419031,0.12133152936545755,0.7176986140567382
1183,591.5,0.49798489167659377,0.0953292727491033,0.12071040943050027,0.7140245738561973
1184,592.0,0.4954356091846854,0.09484126347402778,0.1200924691305119,0.7103693417892251
1185,592.5,0.49289937697067127,0.09435575241430305,0.11947769218831644,0.7067328215732908
1186,593.0,0.4903761282276151,0.09387272678107393,0.11886606241006382,0.7031149174187529
1187,593.5,0.48786579649057843,0.0933921738509539,0.1182575636848036,0.6995155340263359
1188,594.0,0.4853683156348698,0.09291408096568998,0.1176521799840603,0.6959345765846201
1189,594.5,0.48288361987430317,0.09243843553182926,0.11704989536141155,0.692371950767544
1190,595.0,0.4804116437594647,0.0919652250203872,0.11645069395206767,0.6888275627319196
1191,595.5,0.47795232217598915,0.09149443696651759,0.1158545599724541,0.6853013191149608
1192,596.0,0.4755055903428444,0.0910260589691842,0.11526147771979545,0.681793127031824
1193,596.5,0.4730713838106252,0.09056007869083417,0.11467143157170188,0.6783028940731612
1194,597.0,0.4706496384598555,0.09009648385707297,0.1140844059857577,0.6748305283026862
1195,597.5,0.46824029049929944,0.08963526225634111,0.11350038549911184,0.6713759382547524
1196,598.0,0.4658432764642809,0.08917640173959251,0.11291935472807058,0.667939032931944
1197,598.5,0.46345853321501207,0.0887198902199744,0.11234129836769247,0.6645197218026789
1198,599.0,0.46108599793493,0.088265715672509,0.11176620119138488,0.6611179147988239
1199,599.5,0.4587256081290421,0.08781386613377676,0.11119404805050329,0.6577335223133222
1200,600.0,0.4563773016222799,0.08736432970160121,0.11062482387395198,0.6543664551978331
1201,600.5,0.45404101655786133,0.08691709453473548,0.11005851366778721,0.651016624760384
1202,601.0,0.45171669139566145,0.0864721488525503,0.109495102514822,0.6476839427630338
1203,601.5,0.44940426491059116,0.08602948093472386,0.10893457557423357,0.6443683214195486
1204,602.0,0.44710367619098473,0.0855890791209329,0.1083769180811721,0.6410696733930897
1205,602.5,0.4448148646369952,0.08515093181054569,0.10782211534637202,0.6377879117939129
1206,603.0,0.4425377699589982,0.08471502746231638,0.10727015275576482,0.6345229501770794
1207,603.5,0.4402723321760035,0.08428135459408108,0.10672101577009459,0.6312747025401791
1208,604.0,0.4380184916140756,0.08384990178245531,0.10617468992453451,0.6280430833210654
1209,604.5,0.43577618890476155,0.08342065766253313,0.10563116082830594,0.6248280073956006
1210,605.0,0.43354536498352714,0.08299361092758784,0.10509041416429976,0.6216293900754147
1211,605.5,0.43132596108820104,0.082568750328774,0.1045524356886989,0.6184471471056739
1212,606.0,0.4291179187574272,0.0821460646748313,0.10401721123060294,0.6152811946628615
1213,606.5,0.4269211798291247,0.08172554283178969,0.10348472669165519,0.6121314493525696
1214,607.0,0.42473568643895554,0.08130717372267604,0.10295496804567139,0.608997828207303
1215,607.5,0.4225613810188008,0.08089094632722249,0.10242792133826994,0.6058802486842932
1216,608.0,0.42039820629524416,0.08047684968157602,0.10190357268650448,0.6027786286633247
1217,608.5,0.418246105288063,0.0800648728780098,0.10138190827849806,0.5996928864445709
1218,609.0,0.41610502130872773,0.07965500506463577,0.10086291437307957,0.5966229407464431
1219,609.5,0.4139748979589085,0.0792472354451188,0.10034657729942165,0.593568710703449
1220,610.0,0.41185567912898957,0.07884155327839236,0.09983288345668052,0.5905301158640625
1221,610.5,0.4097473089965912,0.07843794787837552,0.09932181931363795,0.5875070761886046
1222,611.0,0.4076497320250995,0.0780364086136915,0.09881337140834444,0.5844995120471355
1223,611.5,0.40556289296220355,0.07763692490738765,0.09830752634776509,0.5815073442173563
1224,612.0,0.40348673683843955,0.07723948623665677,0.09780427080742643,0.5785304938825228
1225,612.5,0.4014212089657435,0.07684408213256001,0.0973035915310657,0.5755688826293692
1226,613.0,0.39936625493601025,0.07645070217975106,0.0968054753302813,0.5726224324460426
1227,613.5,0.3973218206196603,0.07605933601620184,0.09630990908418598,0.5696910657200481
1228,614.0,0.39528785216421425,0.07566997333292949,0.0958168797390607,0.5667747052362044
1229,614.5,0.39326429599287405,0.0752826038737249,0.09532637430801102,0.56387327417461
1230,615.0,0.39125109880311193,0.07489721743488247,0.09483837987062489,0.5609866961086193
1231,615.5,0.38924820756526607,0.07451380386493141,0.09435288357263237,0.5581148950028298
1232,616.0,0.3872555695211438,0.07413235306436831,0.0938698726255673,0.5552577952110794
1233,616.5,0.38527313218263226,0.07375285498539107,0.09338933430643005,0.5524153214744534
1234,617.0,0.3833008433303155,0.07337529963163422,0.09291125595735236,0.5495873989193021
1235,617.5,0.3813386510120989,0.07299967705790575,0.09243562498526434,0.546773953055269
1236,618.0,0.379386503541841,0.07262597736992495,0.09196242886156224,0.5439749097733282
1237,618.5,0.3774443494979916,0.07225419072406195,0.09149165512177895,0.5411901953438325
1238,619.0,0.37551213772223774,0.0718843073270783,0.09102329136525537,0.5384197364145714
1239,619.5,0.3735898173181559,0.0715163174358691,0.0905573252548136,0.5356634600088386
1240,620.0,0.3716773376498712,0.07115021135720631,0.09009374451643229,0.5329212935235098
1241,620.5,0.3697746483407239,0.07078597944748342,0.08963253693892333,0.5301931647271306
1242,621.0,0.3678816992719421,0.07042361211246144,0.08917369037361002,0.5274790017580135
1243,621.5,0.3659984405813219,0.07006309980701617,0.08871719273400705,0.5247787331223451
1244,622.0,0.36412482266191387,0.06970443303488674,0.08826303199550226,0.5220922876923029
1245,622.5,0.3622607961607161,0.06934760234842559,0.08781119619503984,0.5194195947041815
1246,623.0,0.3604063119773745,0.06899259834834946,0.08736167343080527,0.5167605837565292
1247,623.5,0.3585613212628894,0.06863941168349187,0.08691445186191148,0.5141151848082928
1248,624.0,0.3567257754183286,0.06828803305055686,0.08646951970808758,0.5114833281769731
1249,624.5,0.35489962609354747,0.06793845319387377,0.08602686524936819,0.5088649445367894
1250,625.0,0.35308282518591527,0.06759066290515361,0.08558647682578444,0.5062599649168533
1251,625.5,0.35127532483904816,0.0672446530232464,0.08514834283705729,0.5036683206993519
1252,626.0,0.3494770774415484,0.06690041443389991,0.08471245174229189,0.5010899436177402
1253,626.5,0.3476880356257503,0.06655793806951953,0.0842787920596735,0.4985247657549433
1254,627.0,0.3459081522664728,0.06621721490892946,0.08384735236616475,0.495972719541567
1255,627.5,0.3441373804797777,0.06587823597713507,0.08341812129720541,0.4934337377541182
1256,628.0,0.34237567362173493,0.06554099234508651,0.08299108754641252,0.49090775351323396
1257,628.5,0.34062298528719387,0.06520547512944345,0.08256623986528268,0.48839470028192
1258,629.0,0.33887926930856105,0.06487167549234117,0.08214356706289573,0.48589451186379795
1259,629.5,0.3371444797545838,0.0645395846411577,0.08172305800562027,0.48340712240136174
1260,630.0,0.3354185709291407,0.06420919382828219,0.08130470161681999,0.48093246637424286
1261,630.5,0.3337014973700378,0.06388049435088458,0.08088848687656194,0.4784704785974843
1262,631.0,0.33199321384781094,0.0635534775506863,0.08047440282132656,0.4760210942198238
1263,631.5,0.33029367536453447,0.06322813481373218,0.0800624385437187,0.47358424872198535
1264,632.0,0.32860283715263605,0.06290445757016361,0.0796525831921801,0.47115987791497976
1265,632.5,0.3269206546737172,0.06258243729399275,0.07924482597070405,0.468747917938414
1266,633.0,0.3252470836173805,0.062262065502877974,0.0788391561385505,0.46634830525880894
1267,633.5,0.32358207990006177,0.06194333375790042,0.07843556300996343,0.46396097666792563
1268,634.0,0.32192559966386963,0.06162623366334171,0.07803403595388933,0.4615858692811007
1269,634.5,0.3202775992754297,0.06131075686646281,0.07763456439369715,0.45922292053558966
1270,635.0,0.31863803532473545,0.06099689505728399,0.07723713780689957,0.456872068188919
1271,635.5,0.3170068646240047,0.06068463996836596,0.07684174572487609,0.45453325031724673
1272,636.0,0.3153840442065419,0.060373983374592044,0.07644837773259705,0.452206405313731
1273,636.5,0.3137695313256067,0.060064917092951566,0.07605702346834944,0.4498914718869077
1274,637.0,0.3121632834532874,0.059757432982324304,0.07566767262346383,0.44758838905907555
1275,637.5,0.31056525827938125,0.059451522943266014,0.075280314942043,0.44529709616469026
1276,638.0,0.3089754137102797,0.05914717891779508,0.07489494022069154,0.4430175328487663
1277,638.5,0.30739370786785963,0.058844392889180315,0.07451153830824736,0.4407496390652873
1278,639.0,0.3058200990883803,0.05854315688172972,0.07413009910551399,0.43849335507562404
1279,639.5,0.3042545459213858,0.05824346296058047,0.07375061256499493,0.4362486214469612
1280,640.0,0.30269700712861325,0.05794530323148982,0.07337306869062861,0.4340153790507317
1281,640.5,0.3011474416829065,0.057648669840627234,0.07299745753752544,0.4317935690610592
1282,641.0,0.29960580876713566,0.05735355497436747,0.07262376921170546,0.4295831329532086
1283,641.5,0.29807206777312145,0.05705995085908477,0.07225199386983816,0.4273840125020444
1284,642.0,0.296546178300566,0.05676784976094808,0.07188212171898288,0.42519614978049697
1285,642.5,0.29502810015598857,0.05647724398571735,0.07151414301633091,0.42301948715803683
1286,643.0,0.2935177933516666,0.05618812587854086,0.07114804806894895,0.4208539672991564
1287,643.5,0.2920152181045827,0.055900487823753564,0.07078382723352367,0.4186995331618599
1288,644.0,0.2905203348353764,0.055614322244676544,0.07042147091610773,0.4165561279961607
1289,644.5,0.2890331041673019,0.05532962160341737,0.07006096957186725,0.4144236953425865
1290,645.0,0.2875534869251905,0.05504637840067154,0.06970231370483007,0.4123021790306921
1291,645.5,0.2860814441344191,0.05476458517552499,0.0693454938676358,0.4101915231775799
1292,646.0,0.2846169370198832,0.05448423450525754,0.06899050066128708,0.40809167218642783
1293,646.5,0.28315992700497583,0.054205319005147364,0.06863732473490164,0.4060025707450248
1294,647.0,0.281710375710571,0.05392783132827649,0.0682859567854664,0.4039241638243139
1295,647.5,0.2802682449540132,0.05365176416533725,0.06793638755759222,0.4018563966769427
1296,648.0,0.2788334967481114,0.05337711024443975,0.06758860784326998,0.39979921483582115
1297,648.5,0.27740609330013855,0.05310386233092034,0.06724260848162827,0.39775256411268717
1298,649.0,0.2759859970108358,0.05283201322715104,0.066898380358692,0.39571639059667885
1299,649.5,0.27457317047342245,0.052561555772349944,0.0665559144071422,0.3936906406529146
1300,650.0,0.2731675764726103,0.05229248284239259,0.06621520160607745,0.39167526092108035
1301,650.5,0.27176917798362377,0.05202478734962428,0.0658762329807759,0.38967019831402394
1302,651.0,0.27037793817122413,0.05175846224267346,0.06553899960245921,0.3876754000163568
1303,651.5,0.26899382038873965,0.051493500506265916,0.06520349258805716,0.3856908134830627
1304,652.0,0.2676167881771,0.05122989516103999,0.0648697030999737,0.3837163864381137
1305,652.5,0.266246805263876,0.05096763926336277,0.06453762234585421,0.381752066873093
1306,653.0,0.2648838355623242,0.05070672590514713,0.06420724157835389,0.3797978030458252
1307,653.5,0.2635278431704363,0.050447148213669815,0.06387855209490721,0.37785354347901334
1308,654.0,0.2621787923699934,0.0501888993513904,0.06355154523749887,0.3759192369588827
1309,654.5,0.2608366476256252,0.04993197251577117,0.06322621239243556,0.3739948325338319
1310,655.0,0.25950137358387393,0.04967636093909793,0.06290254499011923,0.3720802795130911
1311,655.5,0.258172935072263,0.049422057888301764,0.06258053450482134,0.3701755274653861
1312,656.0,0.25685129709837085,0.049169056664781614,0.06226017245445819,0.36828052621761065
1313,656.5,0.2555364248489089,0.0489173506042279,0.06194145040036737,0.3663952258535042
1314,657.0,0.2542282836888047,0.04866693307644697,0.061624359947085885,0.36451957671233753
1315,657.5,0.25292683916028935,0.04841779748518642,0.0613088927421286,0.36265352938760437
1316,658.0,0.25163205698199026,0.048169937267961364,0.06099504047576843,0.36079703472572006
1317,658.5,0.2503439030480277,0.04792334589588156,0.06068279488081755,0.35895004382472684
1318,659.0,0.24906234342711694,0.047678016873479445,0.06037214773240926,0.35711250803300565
1319,659.5,0.24778734436167385,0.047433943738539014,0.06006309084778172,0.3552843789479946
1320,660.0,0.24651887226692615,0.047191120061925634,0.05975561608606225,0.35346560841491403
1321,660.5,0.24525689373002862,0.04694953944741666,0.059449715348052865,0.35165614852549815
1322,661.0,0.24400137550918297,0.046709195531532965,0.059145380576016954,0.3498559516167329
1323,661.5,0.24275228453276215,0.04647008198337136,0.058842603753467025,0.34806497026960054
1324,662.0,0.24150958789843927,0.04623219250443775,0.058541376904953646,0.34628315730783066
1325,662.5,0.24027325287232093,0.04599552082848127,0.058241692095855196,0.3445104657966574
1326,663.0,0.239043246888085,0.04576006072132924,0.057943541432168955,0.3427468490415832
1327,663.5,0.23781953754612267,0.04552580598072295,0.0576469170603032,0.3409922605871488
1328,664.0,0.23660209261268514,0.045292750436154244,0.05735181116687027,0.33924665421570965
1329,664.5,0.23539088001903452,0.04506088794870301,0.05705821597848075,0.3375099839462183
1330,665.0,0.2341858678605991,0.044830212410875495,0.05676612376153868,0.3357822040330133
1331,665.5,0.2329870243961329,0.04460071774644338,0.05647552682203798,0.33406326896461425
1332,666.0,0.23179431804687955,0.04437239791028377,0.056186417505359715,0.33235313346252304
1333,666.5,0.2306077173957407,0.044145246888219955,0.05589878819607032,0.330651752480031
1334,667.0,0.22942719118644814,0.04391925869686293,0.05561263131772133,0.3289590812010324
1335,667.5,0.22825270832274075,0.04369442738345388,0.055327939332649435,0.32727507503884407
1336,668.0,0.22708423786754522,0.04347074702570732,0.05504470474177817,0.3255996896350307
1337,668.5,0.22592174904216122,0.0432482117316551,0.054762920084420304,0.3239328808582366
1338,669.0,0.22476521122545062,0.043026815639491206,0.05448257793808134,0.32227460480302317
1339,669.5,0.22361459395303093,0.042806552917417376,0.05420367091826396,0.32062481778871227
1340,670.0,0.22246986691647277,0.04258741776348947,0.05392619167827363,0.3189834763582359
1341,670.5,0.22133099996250166,0.04236940440546462,0.05365013290902486,0.31735053727699114
1342,671.0,0.22019796309220357,0.042152507100649224,0.053375487338848886,0.3157259575317017
1343,671.5,0.21907072646023482,0.04193672013574765,0.053102247733302015,0.3141096943292845
1344,672.0,0.2179492603740359,0.04172203782671175,0.05283040689497514,0.3125017050957228
1345,672.5,0.21683353529304938,0.04150845451859113,0.05255995766330403,0.31090194747494454
1346,673.0,0.21572352182794177,0.04129596458538419,0.05229089291438081,0.3093103793277068
1347,673.5,0.21461919073982927,0.04108456242988997,0.052023205560766374,0.3077269587304856
1348,674.0,0.21352051293950772,0.04087424248356064,0.051756888551303476,0.30615164397437183
1349,674.5,0.2124274594866863,0.04066499920635489,0.051491934870931254,0.30458439356397243
1350,675.0,0.21134000158922528,0.04045682708659195,0.051228337540500136,0.30302516621631737
1351,675.5,0.21025811060237742,0.040249720640806466,0.050966089616588425,0.3014739208597723
1352,676.0,0.20918175802803365,0.04004367441360396,0.05070518419131906,0.29993061663295667
1353,676.5,0.20811091551397237,0.03983868297751722,0.050445614392177734,0.2983952128836673
1354,677.0,0.2070455548531125,0.03963474093286332,0.050187373381831844,0.29686766916780766
1355,677.5,0.20598564798277053,0.03943184290760135,0.0499304543579506,0.2953479452483225
1356,678.0,0.20493116698392144,0.039229983557190935,0.0496748505530255,0.2938360010941379
1357,678.5,0.2038820840804631,0.039029157564451473,0.04942055523419236,0.29233179687910693
1358,679.0,0.20283837163848473,0.03882935963942204,0.049167561703053794,0.29083529298096056
1359,679.5,0.20180000216553895,0.03863058451922204,0.04891586329550283,0.2893464499802638
1360,680.0,0.20076694830991762,0.03843282696791264,0.04866545338154743,0.2878652286593777
1361,680.5,0.19973918285993136,0.03823608177635878,0.048416325365135744,0.2863915900014259
1362,681.0,0.1987166787431928,0.03804034376209198,0.04816847268398247,0.28492549518926724
1363,681.5,0.19769940902590344,0.03784560776917383,0.0479218888093958,0.2834669056044731
1364,682.0,0.19668734691214418,0.03765186866806021,0.04767656724610568,0.28201578282631007
1365,682.5,0.19568046574316955,0.03745912135546611,0.047432501532092525,0.2805720886307282
1366,683.0,0.1946787389967053,0.037267360754231295,0.04718968523841729,0.2791357849893539
1367,683.5,0.19368214028625,0.03707658181318644,0.046948111969051735,0.2777068340684882
1368,684.0,0.19269064336037992,0.03688677950702019,0.04670777536071021,0.2762851982281103
1369,684.5,0.19170422210205748,0.03669794883614674,0.04646866908268202,0.27487084002088624
1370,685.0,0.19072285052794336,0.036510084826574155,0.04623078683666458,0.2734637221911821
1371,685.5,0.18974650278771205,0.03632318252977331,0.04599412235659759,0.27206380767408295
1372,686.0,0.18877515316337096,0.0361372370225476,0.0457586694084979,0.27067105959441645
1373,686.5,0.18780877606858298,0.035952243406903214,0.045524421790295325,0.2692854412657815
1374,687.0,0.18684734604799244,0.03576819680992016,0.045291373331669355,0.26790691618958196
1375,687.5,0.18589083777655466,0.03558509238362386,0.04505951789388652,0.26653544805406504
1376,688.0,0.18493922605886878,0.035402925304857474,0.04482884936963877,0.265171000733365
1377,688.5,0.18399248582851427,0.03522169077515485,0.04459936168288251,0.26381353828655163
1378,689.0,0.1830505921473904,0.03504138402061414,0.044371048788678695,0.2624630249566832
1379,689.5,0.18211352020505953,0.034862000291772,0.04414390467303339,0.2611194251698649
1380,690.0,0.18118124531809354,0.03468353486347857,0.0439179233527396,0.2597827035343117
1381,690.5,0.18025374292942362,0.034505983034772925,0.043693098875219466,0.258452824839416
1382,691.0,0.1793309886076934,0.034329340128759295,0.043469425318367505,0.2571297540548202
1383,691.5,0.1784129580466154,0.034153601492483865,0.04324689679039484,0.2558134563294941
1384,692.0,0.17749962706433087,0.033978762496812184,0.04302550742967361,0.25450389699081666
1385,692.5,0.17659097160277276,0.03380481853630726,0.04280525140458283,0.25320104154366285
1386,693.0,0.17568696772703188,0.033631765029108265,0.0425861229133548,0.25190485566949494
1387,693.5,0.17478759162472662,0.03345959741680977,0.04236811618392216,0.25061530522545855
1388,694.0,0.17389281960537561,0.03328831116434175,0.0421512254737659,0.24933235624348327
1389,694.5,0.1730026280997737,0.033117901759850084,0.04193544506976415,0.24805597492938794
1390,695.0,0.1721169936593712,0.03294836471457772,0.04172076928804152,0.24678612766199043
1391,695.5,0.17123589295565605,0.03277969556274642,0.04150719247381957,0.24552278099222205
1392,696.0,0.17035930277953953,0.03261188986143918,0.04129470900126774,0.24426590164224646
1393,696.5,0.16948720004074472,0.03244494319048314,0.04108331327335526,0.24301545650458312
1394,697.0,0.16861956176719833,0.032278851152333164,0.04087299972170364,0.24177141264123514
1395,697.5,0.16775636510442576,0.032113609371956016,0.04066376280643998,0.24053373728282176
1396,698.0,0.16689758731494886,0.031949213496715125,0.040455597016051136,0.23930239782771512
1397,698.5,0.16604320577768716,0.03178565919625591,0.04024849686723837,0.23807736184118145
1398,699.0,0.16519319798736187,0.03162294216239174,0.04004245690477316,0.23685859705452678
1399,699.5,0.16434754155390316,0.031461058108990435,0.03983747170135333,0.23564607136424692
1400,700.0,0.16350621420186043,0.03130000277186135,0.039633535857460066,0.23443975283118185
1401,700.5,0.16266919376981542,0.031139771908643095,0.03943064400121581,0.23323960967967433
1402,701.0,0.16183645820979853,0.030980361298691743,0.03922879078824274,0.232045610296733
1403,701.5,0.1610079855867081,0.030821766742969672,0.039027970901521866,0.23085772323119963
1404,702.0,0.1601837540777325,0.03066398406393497,0.0388281790512531,0.22967591719292058
1405,702.5,0.15936374197177544,0.030507009105431374,0.03862940997471588,0.2285001610519227
1406,703.0,0.15854792766888393,0.03035083773257881,0.03843165843613054,0.22733042383759328
1407,703.5,0.15773628967967934,0.030195465831664468,0.03823491922652042,0.22616667473786423
1408,704.0,0.15692880662479153,0.030040889310034426,0.0380391871635746,0.22500888309840056
1409,704.5,0.1561254572342954,0.029887104095985877,0.03784445709151147,0.22385701842179276
1410,705.0,0.1553262203471509,0.029734106138659858,0.03765072388094286,0.22271105036675362
1411,705.5,0.15453107491064544,0.029581891407934532,0.03745798242873895,0.22157094874731892
1412,706.0,0.15373999997983942,0.02943045589431907,0.037266227657893794,0.22043668353205229
1413,706.5,0.15295297471701452,0.029279795608848004,0.037075454517391686,0.2193082248432542
1414,707.0,0.15216997839112473,0.02912990658297617,0.036885657982074084,0.21818554295617498
1415,707.5,0.1513909903772504,0.028980784868474163,0.03669683305250715,0.2170686082982317
1416,708.0,0.15061599015605487,0.028832426537324336,0.036508974754850196,0.2159573914482294
1417,708.5,0.149844957313244,0.028684827681617345,0.03632207814072455,0.21485186313558588
1418,709.0,0.14907787153902835,0.028537984413449197,0.036136138287083355,0.2137519942395609
1419,709.5,0.14831471262758844,0.028391892864818826,0.035951150296081674,0.21265775578848894
1420,710.0,0.14755546047654228,0.028246549187526247,0.035767109294947676,0.2115691189590162
1421,710.5,0.1468000950864159,0.02810194955307116,0.03558401043585416,0.2104860550753412
1422,711.0,0.14604859656011654,0.02795809015255211,0.03540184889579097,0.20940853560845962
1423,711.5,0.14530094510240865,0.02781496719656616,0.035220619876437834,0.20833653217541265
1424,712.0,0.14455712101939233,0.027672576915109055,0.03504031860403805,0.20727001653853944
1425,712.5,0.14381710471798465,0.027530915557475957,0.03486094032927266,0.20620896060473326
1426,713.0,0.14308087670540343,0.02738997939216261,0.03468248032713551,0.20515333642470154
1427,713.5,0.142348417588654,0.027249764706767054,0.03450493389680857,0.20410311619222962
1428,714.0,0.14161970807401816,0.027110267807891855,0.03432829636153828,0.2030582722434483
1429,714.5,0.14089472896654606,0.026971485021046803,0.03415256306851232,0.2020187770561052
1430,715.0,0.1401734611695506,0.026833412690552123,0.033977729388736964,0.20098460324883968
1431,715.5,0.13945588568410433,0.026696047179442187,0.03380379071691525,0.19995572358046176
1432,716.0,0.13874198360853907,0.026559384869369707,0.033630742471325636,0.1989321109492344
1433,716.5,0.13803173613794797,0.026423422160510433,0.03345858009370129,0.1979137383921597
1434,717.0,0.1373251245636902,0.02628815547146831,0.033287299049110104,0.1969005790842686
1435,717.5,0.1366221302728981,0.026153581239181156,0.03311689482583516,0.19589260633791442
1436,718.0,0.13592273474798702,0.026019695918826802,0.03294736293525585,0.19488979360206968
1437,718.5,0.13522691956616745,0.025886495983729725,0.03277869891172971,0.19389211446162688
1438,719.0,0.1345346663989597,0.025753977925268148,0.03261089831247482,0.19289954263670267
1439,719.5,0.13384595701171118,0.025622138252781625,0.032443956717452725,0.19191205198194553
1440,720.0,0.1331607732631161,0.025490973493479063,0.03227786972925198,0.19092961648584714
1441,720.5,0.13247909710473757,0.025360480192347292,0.03211263297297237,0.18995221027005724
1442,721.0,0.13180091058053217,0.02523065491206002,0.031948242096109705,0.1889798075887019
1443,721.5,0.13112619582637705,0.02510149423288731,0.03178469276844102,0.18801238282770538
1444,722.0,0.13045493506959924,0.02497299475260549,0.0316219806819107,0.18704991050411543
1445,722.5,0.12978711062850765,0.024845153086407546,0.03146010155051686,0.18609236526543205
1446,723.0,0.12912270491192715,0.024717965866813955,0.03129905111019852,0.18513972188893962
1447,723.5,0.1284617004187354,0.02459142974358397,0.031138825118723262,0.18419195528104262
1448,724.0,0.12780407973740165,0.0244655413836274,0.030979419355575508,0.18324904047660456
1449,724.5,0.12714982554552826,0.024340297470916795,0.030820829621845312,0.18231095263829036
1450,725.0,0.1264989206093943,0.024215694706400094,0.030663051740117762,0.18137766705591216
1451,725.5,0.12585134778350168,0.024091729807913742,0.030506081554362935,0.18044915914577836
1452,726.0,0.12520709001012345,0.023968399510096217,0.030349914929826527,0.1795254044500462
1453,726.5,0.12456613031885454,0.023845700564302023,0.030194547752920752,0.1786063786360773
1454,727.0,0.1239284518261647,0.02372362973851612,0.030039975931116153,0.17769205749579697
1455,727.5,0.1232940377349538,0.023602183817268786,0.02988619539283372,0.1767824169450563
1456,728.0,0.12266287133410937,0.023481359601550924,0.02973320208733764,0.17587743302299794
1457,728.5,0.12203493599806639,0.023361153908729795,0.029580991984628643,0.17497708189142483
1458,729.0,0.1214102151863694,0.02324156357246518,0.0294295610753378,0.17408133983417237
1459,729.5,0.12078869244323676,0.023122585442625965,0.02927890537062089,0.1731901832564836
1460,730.0,0.1201703513971272,0.0230042163852072,0.02912902090205343,0.17230358868438783
1461,730.5,0.11955517576030862,0.022886453282247504,0.028979903721526076,0.1714215327640822
1462,731.0,0.118943149328429,0.02276929303174696,0.028831549901140566,0.17054399226131653
1463,731.5,0.11833425598008955,0.022652732547585402,0.028683955533106417,0.16967094406078137
1464,732.0,0.11772847967642015,0.022536768759441106,0.028537116729637838,0.1688023651654991
1465,732.5,0.11712580446065678,0.02242139861270994,0.02839102962285136,0.16793823269621808
1466,733.0,0.11652621445772121,0.022306619068424884,0.028245690364664004,0.1670785238908101
1467,733.5,0.11592969387380288,0.022192427103175993,0.028101095126691875,0.16622321610367075
1468,734.0,0.11533622699594284,0.022078819709030747,0.027957240100149303,0.1653722868051229
1469,734.5,0.11474579819161985,0.02196579389345483,0.027814121495748585,0.16452571358082327
1470,735.0,0.11415839190833862,0.02185334667923328,0.02767173554360011,0.163683474131172
1471,735.5,0.11357399267322016,0.02174147510439211,0.02753007849311307,0.16284554627072534
1472,736.0,0.11299258509259417,0.021630176222120226,0.027389146612896653,0.16201190792761105
1473,736.5,0.11241415385159362,0.021519447100691865,0.02724893619066177,0.16118253714294725
1474,737.0,0.1118386837137512,0.021409284823389343,0.02710944353312328,0.16035741207026383
1475,737.5,0.11126615952059817,0.021299686488426214,0.026970664965902696,0.15953651097492708
1476,738.0,0.11069656619126488,0.021190649208870864,0.026832596833431414,0.15871981223356715
1477,738.5,0.11012988872208367,0.021082170112570426,0.026695235498854355,0.15790729433350845
1478,739.0,0.10956611218619358,0.02097424634207517,0.026558577343934277,0.15709893587220303
1479,739.5,0.10900522173314721,0.020866875054563194,0.026422618768956338,0.15629471555666674
1480,740.0,0.10844720258851948,0.02076005342176558,0.026287356192633407,0.15549461220291846
1481,740.5,0.1078920400535185,0.020653778629891855,0.026152786052011632,0.154698604735422
1482,741.0,0.10733971950459842,0.0205480478795559,0.026018904802376633,0.15390667218653095
1483,741.5,0.10679022639307419,0.020442858385702204,0.025885708917160088,0.15311879369593648
1484,742.0,0.10624354624473828,0.020338207377532502,0.025753194887846914,0.1523349485101177
1485,742.5,0.10569966465947954,0.020234092098432792,0.025621359223882777,0.1515551159817951
1486,743.0,0.10515856731090377,0.020130509805900722,0.025490198452582175,0.15077927556938667
1487,743.5,0.10462023994595641,0.02002745777147334,0.025359709119037014,0.15000740683646677
1488,744.0,0.10408466838454711,0.019924933280655234,0.025229887786025494,0.14923948945122784
1489,744.5,0.10355183851917614,0.019822933632847036,0.025100731033921648,0.14847550318594482
1490,745.0,0.10302173631456286,0.01972145614127427,0.02497223546060527,0.1477154279164424
1491,745.5,0.10249434780727601,0.019620498132916577,0.024844397681372258,0.14695924362156484
1492,746.0,0.10196965910536585,0.019520056948437333,0.02471721432884544,0.14620693038264862
1493,746.5,0.10144765638799827,0.019420129942113565,0.024590682052885973,0.1454584683829978
1494,747.0,0.10092832590509074,0.01932071448176629,0.024464797520504976,0.144713837907362
1495,747.5,0.10041165397695007,0.019221807948691154,0.02433955741577582,0.14397301934141704
1496,748.0,0.09989762699391211,0.019123407737589474,0.024214958439746772,0.14323599317124835
1497,748.5,0.09938623141598327,0.019025511256499598,0.024090997310354075,0.14250273998283694
1498,749.0,0.09887745377248386,0.01892811592672863,0.023967670762335445,0.14177324046154793
1499,749.5,0.09837128066169322,0.01883121918278452,0.023844975547144195,0.14104747539162193
1500,750.0,0.09786769875049674,0.018734818472308474,0.023722908432863562,0.14032542565566877
1501,750.5,0.09736669477403466,0.01863891125600771,0.02360146620412157,0.13960707223416394
1502,751.0,0.09686825553535262,0.018543495007588603,0.02348064566200639,0.13889239620494762
1503,751.5,0.09637236790505406,0.018448567213690113,0.023360443623982062,0.13818137874272624
1504,752.0,0.09587901882095441,0.018354125373817587,0.023240856923804606,0.1374740011185766
1505,752.5,0.09538819528773695,0.018260167000276904,0.023121882411438734,0.1367702446994526
1506,753.0,0.0948998843766106,0.01816668961810893,0.02300351695297471,0.13607009094769423
1507,753.5,0.0944140732249692,0.018073690765024335,0.02288575743054601,0.13537352142053954
1508,754.0,0.09393074903605288,0.017981167991338736,0.022768600742247017,0.13468051776963863
1509,754.5,0.09344989907861084,0.017889118859908158,0.022652043802051432,0.13399106174057043
1510,755.0,0.09297151068656614,0.017797540946064838,0.022536083539730828,0.1333051351723618
1511,755.5,0.09249557125868192,0.017706431837553382,0.022420716900773976,0.13262271999700928
1512,756.0,0.09202206825822953,0.0176157891344672,0.02230594084630625,0.13194379823900299
1513,756.5,0.09155098921265828,0.017525610449185297,0.02219175235300963,0.1312683520148532
1514,757.0,0.09108232171326695,0.017435893406309362,0.022078148413043043,0.13059636353261936
1515,757.5,0.0906160534148769,0.017346635642601232,0.02196512603396317,0.1299278150914413
1516,758.0,0.09015217203550686,0.01725783480692062,0.02185268223864554,0.12926268908107302
1517,758.5,0.08969066535604943,0.017169488560163197,0.021740814065206247,0.12860096798141887
1518,759.0,0.08923152121994923,0.01708159457519895,0.021629518566923828,0.127942634362072
1519,759.5,0.08877472753288271,0.016994150536810908,0.02151879281216163,0.12728767088185525
1520,760.0,0.08832027226243949,0.016907154141634156,0.021408633884290623,0.12663606028836427
1521,760.5,0.0878681434378055,0.016820603098095157,0.021299038881612612,0.12598778541751326
1522,761.0,0.08741832914944758,0.016734495126351383,0.021190004917283768,0.12534282919308273
1523,761.5,0.08697081754879986,0.016648827958231267,0.021081529119238548,0.12470117462626967
1524,762.0,0.08652559684795155,0.016563599337174467,0.02097360863011409,0.12406280481524011
1525,762.5,0.08608265531933655,0.016478807018172413,0.020866240607174923,0.12342770294468389
1526,763.0,0.08564198129542441,0.01639444876770917,0.020759422222238127,0.12279585228537171
1527,763.5,0.08520356316841313,0.016310522363702614,0.020653150661598774,0.12216723619371452
1528,764.0,0.08476738938992326,0.016227025595445897,0.020547423125955876,0.12154183811132503
1529,764.5,0.08433344847069382,0.016143956263549208,0.02044223683033858,0.12091964156458161
1530,765.0,0.08390172898027959,0.016061312179881854,0.02033758900403289,0.12030063016419433
1531,765.5,0.08347221954675005,0.0159790911675146,0.02023347689050861,0.11968478760477326
1532,766.0,0.08304490885638985,0.015897291060662344,0.02012989774734676,0.11907209766439895
1533,766.5,0.08261978565340075,0.01581590970462707,0.020026848846167355,0.11846254420419518
1534,767.0,0.08219683873960515,0.015734944955741084,0.019924327472557526,0.11785611116790376
1535,767.5,0.08177605697415115,0.015654394681310534,0.019822330925999988,0.11725278258146167
1536,768.0,0.08135742927321901,0.015574256759559271,0.01972085651980196,0.11665254255258024
1537,768.5,0.08094094460972927,0.015494529079572916,0.019619901581024383,0.11605537527032657
1538,769.0,0.08052659201305225,0.015415209541243279,0.01951946345041148,0.115461265004707
1539,769.5,0.0801143605687191,0.015336296055213033,0.019419539482320704,0.11487019610625283
1540,770.0,0.07970423941813426,0.015257786542820694,0.0193201270446531,0.11428215300560805
1541,770.5,0.07929621775828943,0.015179678936045849,0.01922122351878395,0.11369712021311923
1542,771.0,0.07889028484147909,0.015101971177454682,0.019122826299493773,0.11311508231842754
1543,771.5,0.07848642997501727,0.015024661220145789,0.019024932794899734,0.1125360239900628
1544,772.0,0.07808464252095601,0.014947747027696256,0.01892754042638734,0.1119599299750396
1545,772.5,0.07768491189580508,0.014871226574108018,0.018830646628542537,0.11138678509845563
1546,773.0,0.07728722757025322,0.01479509784375449,0.01873424884908413,0.11081657426309184
1547,773.5,0.07689157906889077,0.014719358831327481,0.01863834454879655,0.1102492824490148
1548,774.0,0.07649795596993375,0.014644007541784364,0.018542931201462987,0.1096848947131811
1549,774.5,0.07610634790494936,0.014569041990295527,0.01844800629379881,0.1091233961890437
1550,775.0,0.07571674455858281,0.014494460202192088,0.018353567325385407,0.1085647720861603
1551,775.5,0.07532913566828567,0.014420260212913885,0.01825961180860429,0.10800900768980384
1552,776.0,0.0749435110240455,0.014346440067957721,0.01816613726857157,0.1074560883605748
1553,776.5,0.07455986046811695,0.014272997822825892,0.018073141243072764,0.10690599953401561
1554,777.0,0.0741781738947541,0.014199931542974959,0.017980621282497996,0.10635872672022706
1555,777.5,0.07379844124994439,0.014127239303764787,0.017888574949777362,0.10581425550348654
1556,778.0,0.07342065253114367,0.01405491919040786,0.017796999820316857,0.10527257154186839
1557,778.5,0.07304479778701282,0.013982969297918825,0.01770589348193441,0.10473366056686606
1558,779.0,0.07267086711715556,0.013911387731064326,0.017615253534796406,0.1041975083830163
1559,779.5,0.07229885067185769,0.013840172604313085,0.017525077591354438,0.10366410086752521
1560,780.0,0.07192873865182765,0.01376932204178622,0.017435363276282416,0.10313342396989629
1561,780.5,0.07156052130793834,0.01369883417720785,0.01734610822641404,0.10260546371156024
1562,781.0,0.07119418894097038,0.013628707153855923,0.01725731009068051,0.10208020618550681
1563,781.5,0.07082973190135661,0.013558939124513307,0.017168966530048596,0.10155763755591851
1564,782.0,0.07046714058892786,0.013489528251419147,0.01708107521745907,0.10103774405780608
1565,782.5,0.07010640545266018,0.013420472706220437,0.016993633837765316,0.10052051199664594
1566,783.0,0.06974751699042311,0.013351770669923881,0.016906640087672495,0.10000592774801949
1567,783.5,0.06939046574872952,0.013283420332847955,0.01682009167567671,0.09949397775725419
1568,784.0,0.06903524232248652,0.013215419894575257,0.016733986322004773,0.09898464853906655
1569,784.5,0.06868183735474774,0.013147767563905073,0.016648321758554054,0.09847792667720687
1570,785.0,0.06833024153646683,0.013080461558806203,0.016563095728832848,0.09797379882410588
1571,785.5,0.0679804456062523,0.013013500106370007,0.016478305987900843,0.09747225170052315
1572,786.0,0.06763244035012357,0.012946881442763715,0.01639395030230998,0.09697327209519727
1573,786.5,0.06728621660126818,0.012880603813183969,0.016310026450045728,0.09647684686449788
1574,787.0,0.06694176523980043,0.012814665471810585,0.016226532220468444,0.09598296293207946
1575,787.5,0.06659907719252108,0.01274906468176058,0.0161434654142552,0.09549160728853685
1576,788.0,0.0662581434326784,0.012683799715042415,0.016060823843341794,0.09500276699106261
1577,788.5,0.06591895497973035,0.012618868852510484,0.015978605330865217,0.09451642916310606
1578,789.0,0.06558150289910807,0.012554270383819822,0.01589680771110622,0.09403258099403411
1579,789.5,0.0652457783019805,0.01249000260738105,0.015815428829432293,0.09355120973879384
1580,790.0,0.06491177234502027,0.012426063830315567,0.015734466542240894,0.09307230271757673
1581,790.5,0.06457947623017073,0.01236245236841095,0.01565391871690304,0.09259584731548472
1582,791.0,0.06424888120441419,0.01229916654607659,0.015573783231707074,0.09212183098219785
1583,791.5,0.06391997855954139,0.01223620469629955,0.01549405797580283,0.09165024123164377
1584,792.0,0.06359275963192214,0.012173565160600659,0.01541474084914594,0.09118106564166874
1585,792.5,0.06326721580227702,0.012111246288990834,0.015335829762442636,0.0907142918537105
1586,793.0,0.06294333849545045,0.012049246439927608,0.015257322637094603,0.09024990757247266
1587,793.5,0.06262111918018472,0.011987563980271888,0.015179217405144298,0.0897879005656009
1588,794.0,0.062300549368895286,0.011926197285244952,0.015101512009220483,0.08932825866336072
1589,794.5,0.06198162061744725,0.011865144738385628,0.015024204402483986,0.08887096975831686
1590,795.0,0.061664324524932895,0.011804404731507729,0.014947292548573804,0.08841602180501443
1591,795.5,0.06134865273345039,0.011743975664657694,0.014870774421553476,0.08796340281966156
1592,796.0,0.06103459692788365,0.011683855946072429,0.01479464800585771,0.08751310087981379
1593,796.5,0.06072214883568331,0.011624043992137395,0.014718911296239269,0.08706510412405997
1594,797.0,0.060411300226648805,0.011564538227344889,0.014643562297716194,0.08661940075170989
1595,797.5,0.06010204291271159,0.011505337084252535,0.014568599025519212,0.08617597902248333
1596,798.0,0.059794368747719435,0.011446439003442006,0.01449401950503948,0.08573482725620092
1597,798.5,0.059488269627221875,0.011387842433477947,0.014419821771776576,0.0852959338324764
1598,799.0,0.05918373748825672,0.011329545830867096,0.014346003871286725,0.08485928719041054
1599,799.5,0.05888076430913766,0.011271547660017646,0.01427256385913135,0.08442487582828666
1600,800.0,0.05857934210924298,0.011213846393198782,0.014199499800825823,0.08399268830326759
